           6           5           4
    1    1    1              1.5069513529E+12              0.0000000000E+00              9.5145163871E+12              0.0000000000E+00              3.9063678597E+02              0.0000000000E+00              3.0856775811E+14              5.6700141704E+12              2.2540886526E+02   1
    1    1    2              1.6576464882E+13              0.0000000000E+00              1.0465968026E+14              0.0000000000E+00              3.1808391565E+02              0.0000000000E+00              3.0856775811E+14              5.6700141704E+12              2.2540886526E+02   1
    1    1    3              3.1645978411E+13              0.0000000000E+00              1.9980484413E+14              0.0000000000E+00              2.2920414170E+02              0.0000000000E+00              3.0856775811E+14              5.6700141704E+12              2.2540886526E+02   1
    1    1    4              4.6715491941E+13              0.0000000000E+00              2.9495000800E+14              0.0000000000E+00              6.8827376445E+01              0.0000000000E+00              3.0856775811E+14              5.6700141704E+12              2.2540886526E+02   1
    1    2    1              4.3741440761E+12              0.0000000000E+00              8.5847411163E+12              0.0000000000E+00              3.9063525903E+02              0.0000000000E+00              3.0856775811E+14              5.6700141704E+12              2.2540886526E+02   1
    1    2    2              4.8115584837E+13              0.0000000000E+00              9.4432152280E+13              0.0000000000E+00              3.1807360059E+02              0.0000000000E+00              3.0856775811E+14              5.6700141704E+12              2.2540886526E+02   1
    1    2    3              9.1857025598E+13              0.0000000000E+00              1.8027956344E+14              0.0000000000E+00              2.2919021362E+02              0.0000000000E+00              3.0856775811E+14              5.6700141704E+12              2.2540886526E+02   1
    1    2    4              1.3559846636E+14              0.0000000000E+00              2.6612697461E+14              0.0000000000E+00              6.8823770189E+01              0.0000000000E+00              3.0856775811E+14              5.6700141704E+12              2.2540886526E+02   1
    1    3    1              6.8149304137E+12              0.0000000000E+00              6.8149304137E+12              0.0000000000E+00              3.9063275999E+02              0.0000000000E+00              3.0856775811E+14              5.6700141704E+12              2.2540886526E+02   1
    1    3    2              7.4964234551E+13              0.0000000000E+00              7.4964234551E+13              0.0000000000E+00              3.1805663304E+02              0.0000000000E+00              3.0856775811E+14              5.6700141704E+12              2.2540886526E+02   1
    1    3    3              1.4311353869E+14              0.0000000000E+00              1.4311353869E+14              0.0000000000E+00              2.2916697973E+02              0.0000000000E+00              3.0856775811E+14              5.6700141704E+12              2.2540886526E+02   1
    1    3    4              2.1126284283E+14              0.0000000000E+00              2.1126284283E+14              0.0000000000E+00              6.8814704149E+01              0.0000000000E+00              3.0856775811E+14              5.6700141704E+12              2.2540886526E+02   1
    1    4    1              8.5899569158E+12              0.0000000000E+00              4.3768016586E+12              0.0000000000E+00              3.9063019022E+02              0.0000000000E+00              3.0856775811E+14              5.6700141704E+12              2.2540886526E+02   1
    1    4    2              9.4489526074E+13              0.0000000000E+00              4.8144818245E+13              0.0000000000E+00              3.1803896808E+02              0.0000000000E+00              3.0856775811E+14              5.6700141704E+12              2.2540886526E+02   1
    1    4    3              1.8038909523E+14              0.0000000000E+00              9.1912834832E+13              0.0000000000E+00              2.2914196300E+02              0.0000000000E+00              3.0856775811E+14              5.6700141704E+12              2.2540886526E+02   1
    1    4    4              2.6628866439E+14              0.0000000000E+00              1.3568085142E+14              0.0000000000E+00              6.8797197617E+01              0.0000000000E+00              3.0856775811E+14              5.6700141704E+12              2.2540886526E+02   1
    1    5    1              9.5237830407E+12              0.0000000000E+00              1.5084190467E+12              0.0000000000E+00              3.9062866374E+02              0.0000000000E+00              3.0856775811E+14              5.6700141704E+12              2.2540886526E+02   1
    1    5    2              1.0476161345E+14              0.0000000000E+00              1.6592609513E+13              0.0000000000E+00              3.1802866868E+02              0.0000000000E+00              3.0856775811E+14              5.6700141704E+12              2.2540886526E+02   1
    1    5    3              1.9999944385E+14              0.0000000000E+00              3.1676799980E+13              0.0000000000E+00              2.2912812163E+02              0.0000000000E+00              3.0856775811E+14              5.6700141704E+12              2.2540886526E+02   1
    1    5    4              2.9523727426E+14              0.0000000000E+00              4.6760990447E+13              0.0000000000E+00              6.8794297618E+01              0.0000000000E+00              3.0856775811E+14              5.6700141704E+12              2.2540886526E+02   1
    2    1    1              2.0163002577E+14              0.0000000000E+00              1.2730418806E+15              0.0000000000E+00              5.1475893019E+02              0.0000000000E+00              1.9469309325E+15              1.5363661198E+13              5.1940037373E+02   0
    2    1    2              2.3417758255E+14              0.0000000000E+00              1.4785390665E+15              0.0000000000E+00              4.2097257311E+02              0.0000000000E+00              1.9469309325E+15              1.5363661198E+13              5.1940037373E+02   0
    2    1    3              2.6672513934E+14              0.0000000000E+00              1.6840362525E+15              0.0000000000E+00              3.0277765400E+02              0.0000000000E+00              1.9469309325E+15              1.5363661198E+13              5.1940037373E+02   0
    2    1    4              2.9927269612E+14              0.0000000000E+00              1.8895334384E+15              0.0000000000E+00              9.0732956330E+01              0.0000000000E+00              1.9469309325E+15              1.5363661198E+13              5.1940037373E+02   0
    2    2    1              5.8531832021E+14              0.0000000000E+00              1.1487518843E+15              0.0000000000E+00              5.1505257370E+02              0.0000000000E+00              1.9469309325E+15              1.5363661198E+13              5.1940037373E+02   0
    2    2    2              6.8006997751E+14              0.0000000000E+00              1.3347124823E+15              0.0000000000E+00              4.2118622194E+02              0.0000000000E+00              1.9469309325E+15              1.5363661198E+13              5.1940037373E+02   0
    2    2    3              7.7482163480E+14              0.0000000000E+00              1.5206730803E+15              0.0000000000E+00              3.0291419154E+02              0.0000000000E+00              1.9469309325E+15              1.5363661198E+13              5.1940037373E+02   0
    2    2    4              8.6957329209E+14              0.0000000000E+00              1.7066336784E+15              0.0000000000E+00              9.0768423058E+01              0.0000000000E+00              1.9469309325E+15              1.5363661198E+13              5.1940037373E+02   0
    2    3    1              9.1092174727E+14              0.0000000000E+00              9.1092174727E+14              0.0000000000E+00              5.1620090892E+02              0.0000000000E+00              1.9469309325E+15              1.5363661198E+13              5.1940037373E+02   0
    2    3    2              1.0596259868E+15              0.0000000000E+00              1.0596259868E+15              0.0000000000E+00              4.2207326110E+02              0.0000000000E+00              1.9469309325E+15              1.5363661198E+13              5.1940037373E+02   0
    2    3    3              1.2083302264E+15              0.0000000000E+00              1.2083302264E+15              0.0000000000E+00              3.0351802955E+02              0.0000000000E+00              1.9469309325E+15              1.5363661198E+13              5.1940037373E+02   0
    2    3    4              1.3570344660E+15              0.0000000000E+00              1.3570344660E+15              0.0000000000E+00              9.0937807831E+01              0.0000000000E+00              1.9469309325E+15              1.5363661198E+13              5.1940037373E+02   0
    2    4    1              1.1503822808E+15              0.0000000000E+00              5.8614904872E+14              0.0000000000E+00              5.1574349236E+02              0.0000000000E+00              1.9469309325E+15              1.5363661198E+13              5.1940037373E+02   0
    2    4    2              1.3380733445E+15              0.0000000000E+00              6.8178242232E+14              0.0000000000E+00              4.2166336326E+02              0.0000000000E+00              1.9469309325E+15              1.5363661198E+13              5.1940037373E+02   0
    2    4    3              1.5257644082E+15              0.0000000000E+00              7.7741579593E+14              0.0000000000E+00              3.0320038144E+02              0.0000000000E+00              1.9469309325E+15              1.5363661198E+13              5.1940037373E+02   0
    2    4    4              1.7134554719E+15              0.0000000000E+00              8.7304916953E+14              0.0000000000E+00              9.0837637386E+01              0.0000000000E+00              1.9469309325E+15              1.5363661198E+13              5.1940037373E+02   0
    2    5    1              1.2752849157E+15              0.0000000000E+00              2.0198528763E+14              0.0000000000E+00              5.1616095675E+02              0.0000000000E+00              1.9469309325E+15              1.5363661198E+13              5.1940037373E+02   0
    2    5    2              1.4841054031E+15              0.0000000000E+00              2.3505920365E+14              0.0000000000E+00              4.2197398944E+02              0.0000000000E+00              1.9469309325E+15              1.5363661198E+13              5.1940037373E+02   0
    2    5    3              1.6929258904E+15              0.0000000000E+00              2.6813311966E+14              0.0000000000E+00              3.0340415440E+02              0.0000000000E+00              1.9469309325E+15              1.5363661198E+13              5.1940037373E+02   0
    2    5    4              1.9017463777E+15              0.0000000000E+00              3.0120703567E+14              0.0000000000E+00              9.0897696621E+01              0.0000000000E+00              1.9469309325E+15              1.5363661198E+13              5.1940037373E+02   0
    3    1    1              1.1915034615E+15              0.0000000000E+00              7.5228567851E+15              0.0000000000E+00              8.5190222360E+02              0.0000000000E+00              1.2284303711E+16              5.3737044145E+13              8.7314813949E+02   0
    3    1    2              1.4219677079E+15              0.0000000000E+00              8.9779507697E+15              0.0000000000E+00              6.7417433242E+02              0.0000000000E+00              1.2284303711E+16              5.3737044145E+13              8.7314813949E+02   0
    3    1    3              1.6524319543E+15              0.0000000000E+00              1.0433044754E+16              0.0000000000E+00              4.7098865669E+02              0.0000000000E+00              1.2284303711E+16              5.3737044145E+13              8.7314813949E+02   0
    3    1    4              1.8828962007E+15              0.0000000000E+00              1.1888138739E+16              0.0000000000E+00              1.3752036002E+02              0.0000000000E+00              1.2284303711E+16              5.3737044145E+13              8.7314813949E+02   0
    3    2    1              3.4564682105E+15              0.0000000000E+00              6.7837008218E+15              0.0000000000E+00              8.5364724141E+02              0.0000000000E+00              1.2284303711E+16              5.3737044145E+13              8.7314813949E+02   0
    3    2    2              4.1283294273E+15              0.0000000000E+00              8.1023027041E+15              0.0000000000E+00              6.7534204275E+02              0.0000000000E+00              1.2284303711E+16              5.3737044145E+13              8.7314813949E+02   0
    3    2    3              4.8001906441E+15              0.0000000000E+00              9.4209045865E+15              0.0000000000E+00              4.7167694249E+02              0.0000000000E+00              1.2284303711E+16              5.3737044145E+13              8.7314813949E+02   0
    3    2    4              5.4720518609E+15              0.0000000000E+00              1.0739506469E+16              0.0000000000E+00              1.3769283285E+02              0.0000000000E+00              1.2284303711E+16              5.3737044145E+13              8.7314813949E+02   0
    3    3    1              5.3863177560E+15              0.0000000000E+00              5.3863177560E+15              0.0000000000E+00              8.5552168666E+02              0.0000000000E+00              1.2284303711E+16              5.3737044145E+13              8.7314813949E+02   0
    3    3    2              6.4386128433E+15              0.0000000000E+00              6.4386128433E+15              0.0000000000E+00              6.7652788195E+02              0.0000000000E+00              1.2284303711E+16              5.3737044145E+13              8.7314813949E+02   0
    3    3    3              7.4909079307E+15              0.0000000000E+00              7.4909079307E+15              0.0000000000E+00              4.7232047226E+02              0.0000000000E+00              1.2284303711E+16              5.3737044145E+13              8.7314813949E+02   0
    3    3    4              8.5432030180E+15              0.0000000000E+00              8.5432030180E+15              0.0000000000E+00              1.3783651777E+02              0.0000000000E+00              1.2284303711E+16              5.3737044145E+13              8.7314813949E+02   0
    3    4    1              6.7851465332E+15              0.0000000000E+00              3.4572048372E+15              0.0000000000E+00              8.5824153975E+02              0.0000000000E+00              1.2284303711E+16              5.3737044145E+13              8.7314813949E+02   0
    3    4    2              8.1206570475E+15              0.0000000000E+00              4.1376814323E+15              0.0000000000E+00              6.7831274363E+02              0.0000000000E+00              1.2284303711E+16              5.3737044145E+13              8.7314813949E+02   0
    3    4    3              9.4561675617E+15              0.0000000000E+00              4.8181580274E+15              0.0000000000E+00              4.7333413926E+02              0.0000000000E+00              1.2284303711E+16              5.3737044145E+13              8.7314813949E+02   0
    3    4    4              1.0791678076E+16              0.0000000000E+00              5.4986346224E+15              0.0000000000E+00              1.3807790942E+02              0.0000000000E+00              1.2284303711E+16              5.3737044145E+13              8.7314813949E+02   0
    3    5    1              7.5242589976E+15              0.0000000000E+00              1.1917255502E+15              0.0000000000E+00              8.5949169666E+02              0.0000000000E+00              1.2284303711E+16              5.3737044145E+13              8.7314813949E+02   0
    3    5    2              9.0101000228E+15              0.0000000000E+00              1.4270596494E+15              0.0000000000E+00              6.7909579743E+02              0.0000000000E+00              1.2284303711E+16              5.3737044145E+13              8.7314813949E+02   0
    3    5    3              1.0495941048E+16              0.0000000000E+00              1.6623937486E+15              0.0000000000E+00              4.7374382368E+02              0.0000000000E+00              1.2284303711E+16              5.3737044145E+13              8.7314813949E+02   0
    3    5    4              1.1981782073E+16              0.0000000000E+00              1.8977278477E+15              0.0000000000E+00              1.3816500988E+02              0.0000000000E+00              1.2284303711E+16              5.3737044145E+13              8.7314813949E+02   0
    4    1    1              6.9842848085E+15              0.0000000000E+00              4.4097038789E+16              0.0000000000E+00              7.5768349905E+02              0.0000000000E+00              7.7508716480E+16              3.5325980813E+14              7.7829505670E+02   0
    4    1    2              8.5677481653E+15              0.0000000000E+00              5.4094632956E+16              0.0000000000E+00              5.8103773412E+02              0.0000000000E+00              7.7508716480E+16              3.5325980813E+14              7.7829505670E+02   0
    4    1    3              1.0151211522E+16              0.0000000000E+00              6.4092227123E+16              0.0000000000E+00              3.9570297923E+02              0.0000000000E+00              7.7508716480E+16              3.5325980813E+14              7.7829505670E+02   0
    4    1    4              1.1734674879E+16              0.0000000000E+00              7.4089821291E+16              0.0000000000E+00              1.1310949876E+02              0.0000000000E+00              7.7508716480E+16              3.5325980813E+14              7.7829505670E+02   0
    4    2    1              2.0277062514E+16              0.0000000000E+00              3.9795975910E+16              0.0000000000E+00              7.5935580167E+02              0.0000000000E+00              7.7508716480E+16              3.5325980813E+14              7.7829505670E+02   0
    4    2    2              2.4897250044E+16              0.0000000000E+00              4.8863604495E+16              0.0000000000E+00              5.8220971988E+02              0.0000000000E+00              7.7508716480E+16              3.5325980813E+14              7.7829505670E+02   0
    4    2    3              2.9517437575E+16              0.0000000000E+00              5.7931233080E+16              0.0000000000E+00              3.9642361633E+02              0.0000000000E+00              7.7508716480E+16              3.5325980813E+14              7.7829505670E+02   0
    4    2    4              3.4137625105E+16              0.0000000000E+00              6.6998861665E+16              0.0000000000E+00              1.1329186732E+02              0.0000000000E+00              7.7508716480E+16              3.5325980813E+14              7.7829505670E+02   0
    4    3    1              3.1624702960E+16              0.0000000000E+00              3.1624702960E+16              0.0000000000E+00              7.6194833106E+02              0.0000000000E+00              7.7508716480E+16              3.5325980813E+14              7.7829505670E+02   0
    4    3    2              3.8888989395E+16              0.0000000000E+00              3.8888989395E+16              0.0000000000E+00              5.8410700014E+02              0.0000000000E+00              7.7508716480E+16              3.5325980813E+14              7.7829505670E+02   0
    4    3    3              4.6153275829E+16              0.0000000000E+00              4.6153275829E+16              0.0000000000E+00              3.9764840977E+02              0.0000000000E+00              7.7508716480E+16              3.5325980813E+14              7.7829505670E+02   0
    4    3    4              5.3417562264E+16              0.0000000000E+00              5.3417562264E+16              0.0000000000E+00              1.1361327724E+02              0.0000000000E+00              7.7508716480E+16              3.5325980813E+14              7.7829505670E+02   0
    4    4    1              3.9891984889E+16              0.0000000000E+00              2.0325981532E+16              0.0000000000E+00              7.6547925743E+02              0.0000000000E+00              7.7508716480E+16              3.5325980813E+14              7.7829505670E+02   0
    4    4    2              4.9168452893E+16              0.0000000000E+00              2.5052578061E+16              0.0000000000E+00              5.8671591992E+02              0.0000000000E+00              7.7508716480E+16              3.5325980813E+14              7.7829505670E+02   0
    4    4    3              5.8444920897E+16              0.0000000000E+00              2.9779174591E+16              0.0000000000E+00              3.9941262536E+02              0.0000000000E+00              7.7508716480E+16              3.5325980813E+14              7.7829505670E+02   0
    4    4    4              6.7721388901E+16              0.0000000000E+00              3.4505771120E+16              0.0000000000E+00              1.1410559453E+02              0.0000000000E+00              7.7508716480E+16              3.5325980813E+14              7.7829505670E+02   0
    4    5    1              4.4259154369E+16              0.0000000000E+00              7.0099613939E+15              0.0000000000E+00              7.6796070243E+02              0.0000000000E+00              7.7508716480E+16              3.5325980813E+14              7.7829505670E+02   0
    4    5    2              5.4656871158E+16              0.0000000000E+00              8.6567979482E+15              0.0000000000E+00              5.8851788340E+02              0.0000000000E+00              7.7508716480E+16              3.5325980813E+14              7.7829505670E+02   0
    4    5    3              6.5054587947E+16              0.0000000000E+00              1.0303634503E+16              0.0000000000E+00              4.0067415570E+02              0.0000000000E+00              7.7508716480E+16              3.5325980813E+14              7.7829505670E+02   0
    4    5    4              7.5452304737E+16              0.0000000000E+00              1.1950471057E+16              0.0000000000E+00              1.1448138314E+02              0.0000000000E+00              7.7508716480E+16              3.5325980813E+14              7.7829505670E+02   0
    5    1    1              4.2119631157E+16              0.0000000000E+00              2.6593288502E+17              0.0000000000E+00              4.7073441126E+02              0.0000000000E+00              4.8904693924E+17              3.3657967755E+15              4.8998172096E+02   0
    5    1    2              5.3071206584E+16              0.0000000000E+00              3.3507841096E+17              0.0000000000E+00              3.5163617145E+02              0.0000000000E+00              4.8904693924E+17              3.3657967755E+15              4.8998172096E+02   0
    5    1    3              6.4022782011E+16              0.0000000000E+00              4.0422393690E+17              0.0000000000E+00              2.3488102650E+02              0.0000000000E+00              4.8904693924E+17              3.3657967755E+15              4.8998172096E+02   0
    5    1    4              7.4974357438E+16              0.0000000000E+00              4.7336946284E+17              0.0000000000E+00              6.6134844459E+01              0.0000000000E+00              4.8904693924E+17              3.3657967755E+15              4.8998172096E+02   0
    5    2    1              1.2231509552E+17              0.0000000000E+00              2.4005689146E+17              0.0000000000E+00              4.7134333737E+02              0.0000000000E+00              4.8904693924E+17              3.3657967755E+15              4.8998172096E+02   0
    5    2    2              1.5412732365E+17              0.0000000000E+00              3.0249190459E+17              0.0000000000E+00              3.5201646417E+02              0.0000000000E+00              4.8904693924E+17              3.3657967755E+15              4.8998172096E+02   0
    5    2    3              1.8593955178E+17              0.0000000000E+00              3.6492691772E+17              0.0000000000E+00              2.3509443082E+02              0.0000000000E+00              4.8904693924E+17              3.3657967755E+15              4.8998172096E+02   0
    5    2    4              2.1775177991E+17              0.0000000000E+00              4.2736193085E+17              0.0000000000E+00              6.6186298553E+01              0.0000000000E+00              4.8904693924E+17              3.3657967755E+15              4.8998172096E+02   0
    5    3    1              1.9044243282E+17              0.0000000000E+00              1.9044243282E+17              0.0000000000E+00              4.7340204512E+02              0.0000000000E+00              4.8904693924E+17              3.3657967755E+15              4.8998172096E+02   0
    5    3    2              2.4017214686E+17              0.0000000000E+00              2.4017214686E+17              0.0000000000E+00              3.5328759006E+02              0.0000000000E+00              4.8904693924E+17              3.3657967755E+15              4.8998172096E+02   0
    5    3    3              2.8990186091E+17              0.0000000000E+00              2.8990186091E+17              0.0000000000E+00              2.3580043235E+02              0.0000000000E+00              4.8904693924E+17              3.3657967755E+15              4.8998172096E+02   0
    5    3    4              3.3963157495E+17              0.0000000000E+00              3.3963157495E+17              0.0000000000E+00              6.6354758707E+01              0.0000000000E+00              4.8904693924E+17              3.3657967755E+15              4.8998172096E+02   0
    5    4    1              2.4014066968E+17              0.0000000000E+00              1.2235778266E+17              0.0000000000E+00              4.7578971187E+02              0.0000000000E+00              4.8904693924E+17              3.3657967755E+15              4.8998172096E+02   0
    5    4    2              3.0300004492E+17              0.0000000000E+00              1.5438623408E+17              0.0000000000E+00              3.5480070352E+02              0.0000000000E+00              4.8904693924E+17              3.3657967755E+15              4.8998172096E+02   0
    5    4    3              3.6585942016E+17              0.0000000000E+00              1.8641468551E+17              0.0000000000E+00              2.3661410474E+02              0.0000000000E+00              4.8904693924E+17              3.3657967755E+15              4.8998172096E+02   0
    5    4    4              4.2871879540E+17              0.0000000000E+00              2.1844313693E+17              0.0000000000E+00              6.6540744370E+01              0.0000000000E+00              4.8904693924E+17              3.3657967755E+15              4.8998172096E+02   0
    5    5    1              2.6623309828E+17              0.0000000000E+00              4.2167180268E+16              0.0000000000E+00              4.7822403588E+02              0.0000000000E+00              4.8904693924E+17              3.3657967755E+15              4.8998172096E+02   0
    5    5    2              3.3612937177E+17              0.0000000000E+00              5.3237662424E+16              0.0000000000E+00              3.5645937402E+02              0.0000000000E+00              4.8904693924E+17              3.3657967755E+15              4.8998172096E+02   0
    5    5    3              4.0602564525E+17              0.0000000000E+00              6.4308144581E+16              0.0000000000E+00              2.3751643236E+02              0.0000000000E+00              4.8904693924E+17              3.3657967755E+15              4.8998172096E+02   0
    5    5    4              4.7592191874E+17              0.0000000000E+00              7.5378626737E+16              0.0000000000E+00              6.6741677986E+01              0.0000000000E+00              4.8904693924E+17              3.3657967755E+15              4.8998172096E+02   0
    6    1    1              2.6108075197E+17              0.0000000000E+00              1.6483989932E+18              0.0000000000E+00              2.3518423972E+02              0.0000000000E+00              3.0856775811E+18              4.2121917781E+16              2.4208943948E+02   0
    6    1    2              3.3255844648E+17              0.0000000000E+00              2.0996913952E+18              0.0000000000E+00              1.7368112143E+02              0.0000000000E+00              3.0856775811E+18              4.2121917781E+16              2.4208943948E+02   0
    6    1    3              4.0403614100E+17              0.0000000000E+00              2.5509837972E+18              0.0000000000E+00              1.1510605467E+02              0.0000000000E+00              3.0856775811E+18              4.2121917781E+16              2.4208943948E+02   0
    6    1    4              4.7551383551E+17              0.0000000000E+00              3.0022761992E+18              0.0000000000E+00              3.2223380876E+01              0.0000000000E+00              3.0856775811E+18              4.2121917781E+16              2.4208943948E+02   0
    6    2    1              7.5747822248E+17              0.0000000000E+00              1.4866347171E+18              0.0000000000E+00              2.3526654676E+02              0.0000000000E+00              3.0856775811E+18              4.2121917781E+16              2.4208943948E+02   0
    6    2    2              9.6498929959E+17              0.0000000000E+00              1.8938981371E+18              0.0000000000E+00              1.7372871587E+02              0.0000000000E+00              3.0856775811E+18              4.2121917781E+16              2.4208943948E+02   0
    6    2    3              1.1725003767E+18              0.0000000000E+00              2.3011615570E+18              0.0000000000E+00              1.1513205202E+02              0.0000000000E+00              3.0856775811E+18              4.2121917781E+16              2.4208943948E+02   0
    6    2    4              1.3800114538E+18              0.0000000000E+00              2.7084249770E+18              0.0000000000E+00              3.2229536216E+01              0.0000000000E+00              3.0856775811E+18              4.2121917781E+16              2.4208943948E+02   0
    6    3    1              1.1800024774E+18              0.0000000000E+00              1.1800024774E+18              0.0000000000E+00              2.3525046283E+02              0.0000000000E+00              3.0856775811E+18              4.2121917781E+16              2.4208943948E+02   0
    6    3    2              1.5031628109E+18              0.0000000000E+00              1.5031628109E+18              0.0000000000E+00              1.7371737765E+02              0.0000000000E+00              3.0856775811E+18              4.2121917781E+16              2.4208943948E+02   0
    6    3    3              1.8263231444E+18              0.0000000000E+00              1.8263231444E+18              0.0000000000E+00              1.1512512976E+02              0.0000000000E+00              3.0856775811E+18              4.2121917781E+16              2.4208943948E+02   0
    6    3    4              2.1494834779E+18              0.0000000000E+00              2.1494834779E+18              0.0000000000E+00              3.2227762124E+01              0.0000000000E+00              3.0856775811E+18              4.2121917781E+16              2.4208943948E+02   0
    6    4    1              1.4867360626E+18              0.0000000000E+00              7.5752986059E+17              0.0000000000E+00              2.3530188566E+02              0.0000000000E+00              3.0856775811E+18              4.2121917781E+16              2.4208943948E+02   0
    6    4    2              1.8940163440E+18              0.0000000000E+00              9.6504952905E+17              0.0000000000E+00              1.7374581547E+02              0.0000000000E+00              3.0856775811E+18              4.2121917781E+16              2.4208943948E+02   0
    6    4    3              2.3012966255E+18              0.0000000000E+00              1.1725691975E+18              0.0000000000E+00              1.1514020886E+02              0.0000000000E+00              3.0856775811E+18              4.2121917781E+16              2.4208943948E+02   0
    6    4    4              2.7085769069E+18              0.0000000000E+00              1.3800888660E+18              0.0000000000E+00              3.2231201565E+01              0.0000000000E+00              3.0856775811E+18              4.2121917781E+16              2.4208943948E+02   0
    6    5    1              1.6481123517E+18              0.0000000000E+00              2.6103535241E+17              0.0000000000E+00              2.3531060719E+02              0.0000000000E+00              3.0856775811E+18              4.2121917781E+16              2.4208943948E+02   0
    6    5    2              2.0995858740E+18              0.0000000000E+00              3.3254173357E+17              0.0000000000E+00              1.7374972415E+02              0.0000000000E+00              3.0856775811E+18              4.2121917781E+16              2.4208943948E+02   0
    6    5    3              2.5510593963E+18              0.0000000000E+00              4.0404811472E+17              0.0000000000E+00              1.1514199144E+02              0.0000000000E+00              3.0856775811E+18              4.2121917781E+16              2.4208943948E+02   0
    6    5    4              3.0025329187E+18              0.0000000000E+00              4.7555449588E+17              0.0000000000E+00              3.2231790256E+01              0.0000000000E+00              3.0856775811E+18              4.2121917781E+16              2.4208943948E+02   0
