           6           5           4
    1    1    1              4.7295862568E+13              9.4077319906E+12              3.0446452439E+14              0.0000000000E+00              0.0000000000E+00              0.0000000000E+00              3.0856775811E+14              5.6700141704E+12              2.2540886526E+02   0
    1    1    2              4.0095162461E+13              2.6790731040E+13              3.0446198992E+14              0.0000000000E+00              0.0000000000E+00              0.0000000000E+00              3.0856775811E+14              5.6700141704E+12              2.2540886526E+02   0
    1    1    3              2.6790731040E+13              4.0095162461E+13              3.0446198992E+14              0.0000000000E+00              0.0000000000E+00              0.0000000000E+00              3.0856775811E+14              5.6700141704E+12              2.2540886526E+02   0
    1    1    4              9.4075753641E+12              4.7295075153E+13              3.0445945545E+14              0.0000000000E+00              0.0000000000E+00              0.0000000000E+00              3.0856775811E+14              5.6700141704E+12              2.2540886526E+02   0
    1    2    1              1.3728307597E+14              2.7307301643E+13              2.7471171572E+14              0.0000000000E+00              0.0000000000E+00              0.0000000000E+00              3.0856775811E+14              5.6700141704E+12              2.2540886526E+02   0
    1    2    2              1.1637812896E+14              7.7761379689E+13              2.7470028383E+14              0.0000000000E+00              0.0000000000E+00              0.0000000000E+00              3.0856775811E+14              5.6700141704E+12              2.2540886526E+02   0
    1    2    3              7.7756849139E+13              1.1637134851E+14              2.7468427919E+14              0.0000000000E+00              0.0000000000E+00              0.0000000000E+00              3.0856775811E+14              5.6700141704E+12              2.2540886526E+02   0
    1    2    4              2.7303665260E+13              1.3726479464E+14              2.7467513368E+14              0.0000000000E+00              0.0000000000E+00              0.0000000000E+00              3.0856775811E+14              5.6700141704E+12              2.2540886526E+02   0
    1    3    1              2.1388569036E+14              4.2544509018E+13              2.1807595876E+14              0.0000000000E+00              0.0000000000E+00              0.0000000000E+00              3.0856775811E+14              5.6700141704E+12              2.2540886526E+02   0
    1    3    2              1.8130542867E+14              1.2114441437E+14              2.1805418500E+14              0.0000000000E+00              0.0000000000E+00              0.0000000000E+00              3.0856775811E+14              5.6700141704E+12              2.2540886526E+02   0
    1    3    3              1.2112828524E+14              1.8128128971E+14              2.1802515333E+14              0.0000000000E+00              0.0000000000E+00              0.0000000000E+00              3.0856775811E+14              5.6700141704E+12              2.2540886526E+02   0
    1    3    4              4.2530703509E+13              2.1381628538E+14              2.1800519405E+14              0.0000000000E+00              0.0000000000E+00              0.0000000000E+00              3.0856775811E+14              5.6700141704E+12              2.2540886526E+02   0
    1    4    1              2.6959017834E+14              5.3624820595E+13              1.4005415817E+14              0.0000000000E+00              0.0000000000E+00              0.0000000000E+00              3.0856775811E+14              5.6700141704E+12              2.2540886526E+02   0
    1    4    2              2.2851329856E+14              1.5268770458E+14              1.4003318876E+14              0.0000000000E+00              0.0000000000E+00              0.0000000000E+00              3.0856775811E+14              5.6700141704E+12              2.2540886526E+02   0
    1    4    3              1.5265594849E+14              2.2846577222E+14              1.4000406456E+14              0.0000000000E+00              0.0000000000E+00              0.0000000000E+00              3.0856775811E+14              5.6700141704E+12              2.2540886526E+02   0
    1    4    4              5.3597611534E+13              2.6945338915E+14              1.3998309514E+14              0.0000000000E+00              0.0000000000E+00              0.0000000000E+00              3.0856775811E+14              5.6700141704E+12              2.2540886526E+02   0
    1    5    1              2.9889770173E+14              5.9454449456E+13              4.8268205232E+13              0.0000000000E+00              0.0000000000E+00              0.0000000000E+00              3.0856775811E+14              5.6700141704E+12              2.2540886526E+02   0
    1    5    2              2.5334687480E+14              1.6928096973E+14              4.8259373981E+13              0.0000000000E+00              0.0000000000E+00              0.0000000000E+00              3.0856775811E+14              5.6700141704E+12              2.2540886526E+02   0
    1    5    3              1.6923591130E+14              2.5327944011E+14              4.8246528524E+13              0.0000000000E+00              0.0000000000E+00              0.0000000000E+00              3.0856775811E+14              5.6700141704E+12              2.2540886526E+02   0
    1    5    4              5.9416871222E+13              2.9870878319E+14              4.8237697273E+13              0.0000000000E+00              0.0000000000E+00              0.0000000000E+00              3.0856775811E+14              5.6700141704E+12              2.2540886526E+02   0
    2    1    1              2.9671322958E+14              5.9019930929E+13              1.9100751613E+15              0.0000000000E+00              0.0000000000E+00              0.0000000000E+00              1.9469309325E+15              1.5363661198E+13              5.1940037373E+02   0
    2    1    2              2.5153369606E+14              1.6806944242E+14              1.9100171924E+15              0.0000000000E+00              0.0000000000E+00              0.0000000000E+00              1.9469309325E+15              1.5363661198E+13              5.1940037373E+02   0
    2    1    3              1.6806223081E+14              2.5152290312E+14              1.9099352364E+15              0.0000000000E+00              0.0000000000E+00              0.0000000000E+00              1.9469309325E+15              1.5363661198E+13              5.1940037373E+02   0
    2    1    4              5.9013816154E+13              2.9668248853E+14              1.9098772675E+15              0.0000000000E+00              0.0000000000E+00              0.0000000000E+00              1.9469309325E+15              1.5363661198E+13              5.1940037373E+02   0
    2    2    1              8.6212624789E+14              1.7148757295E+14              1.7251666241E+15              0.0000000000E+00              0.0000000000E+00              0.0000000000E+00              1.9469309325E+15              1.5363661198E+13              5.1940037373E+02   0
    2    2    2              7.3068740783E+14              4.8822971691E+14              1.7247230225E+15              0.0000000000E+00              0.0000000000E+00              0.0000000000E+00              1.9469309325E+15              1.5363661198E+13              5.1940037373E+02   0
    2    2    3              4.8805156590E+14              7.3042078600E+14              1.7240936852E+15              0.0000000000E+00              0.0000000000E+00              0.0000000000E+00              1.9469309325E+15              1.5363661198E+13              5.1940037373E+02   0
    2    2    4              1.7133700279E+14              8.6136928058E+14              1.7236518869E+15              0.0000000000E+00              0.0000000000E+00              0.0000000000E+00              1.9469309325E+15              1.5363661198E+13              5.1940037373E+02   0
    2    3    1              1.3454234146E+15              2.6762135653E+14              1.3717818176E+15              0.0000000000E+00              0.0000000000E+00              0.0000000000E+00              1.9469309325E+15              1.5363661198E+13              5.1940037373E+02   0
    2    3    2              1.1398726300E+15              7.6163854129E+14              1.3709131556E+15              0.0000000000E+00              0.0000000000E+00              0.0000000000E+00              1.9469309325E+15              1.5363661198E+13              5.1940037373E+02   0
    2    3    3              7.6096035324E+14              1.1388576498E+15              1.3696924493E+15              0.0000000000E+00              0.0000000000E+00              0.0000000000E+00              1.9469309325E+15              1.5363661198E+13              5.1940037373E+02   0
    2    3    4              2.6704622778E+14              1.3425320471E+15              1.3688338049E+15              0.0000000000E+00              0.0000000000E+00              0.0000000000E+00              1.9469309325E+15              1.5363661198E+13              5.1940037373E+02   0
    2    4    1              1.6986963006E+15              3.3789170262E+14              8.8248571164E+14              0.0000000000E+00              0.0000000000E+00              0.0000000000E+00              1.9469309325E+15              1.5363661198E+13              5.1940037373E+02   0
    2    4    2              1.4386203180E+15              9.6125536457E+14              8.8158803803E+14              0.0000000000E+00              0.0000000000E+00              0.0000000000E+00              1.9469309325E+15              1.5363661198E+13              5.1940037373E+02   0
    2    4    3              9.5988384999E+14              1.4365677014E+15              8.8033019240E+14              0.0000000000E+00              0.0000000000E+00              0.0000000000E+00              1.9469309325E+15              1.5363661198E+13              5.1940037373E+02   0
    2    4    4              3.3672936103E+14              1.6928528149E+15              8.7944997611E+14              0.0000000000E+00              0.0000000000E+00              0.0000000000E+00              1.9469309325E+15              1.5363661198E+13              5.1940037373E+02   0
    2    5    1              1.8853523722E+15              3.7501990369E+14              3.0446060544E+14              0.0000000000E+00              0.0000000000E+00              0.0000000000E+00              1.9469309325E+15              1.5363661198E+13              5.1940037373E+02   0
    2    5    2              1.5963118247E+15              1.0666214607E+15              3.0407720402E+14              0.0000000000E+00              0.0000000000E+00              0.0000000000E+00              1.9469309325E+15              1.5363661198E+13              5.1940037373E+02   0
    2    5    3              1.0647413086E+15              1.5934979782E+15              3.0354120188E+14              0.0000000000E+00              0.0000000000E+00              0.0000000000E+00              1.9469309325E+15              1.5363661198E+13              5.1940037373E+02   0
    2    5    4              3.7342648046E+14              1.8773416926E+15              3.0316698183E+14              0.0000000000E+00              0.0000000000E+00              0.0000000000E+00              1.9469309325E+15              1.5363661198E+13              5.1940037373E+02   0
    3    1    1              1.8693116557E+15              3.7182920681E+14              1.2033591382E+16              0.0000000000E+00              0.0000000000E+00              0.0000000000E+00              1.2284303711E+16              5.3737044145E+13              8.7314813949E+02   0
    3    1    2              1.5846744121E+15              1.0588455902E+15              1.2033200398E+16              0.0000000000E+00              0.0000000000E+00              0.0000000000E+00              1.2284303711E+16              5.3737044145E+13              8.7314813949E+02   0
    3    1    3              1.0587967586E+15              1.5846013304E+15              1.2032645453E+16              0.0000000000E+00              0.0000000000E+00              0.0000000000E+00              1.2284303711E+16              5.3737044145E+13              8.7314813949E+02   0
    3    1    4              3.7178789719E+14              1.8691039782E+15              1.2032254469E+16              0.0000000000E+00              0.0000000000E+00              0.0000000000E+00              1.2284303711E+16              5.3737044145E+13              8.7314813949E+02   0
    3    2    1              5.4325884359E+15              1.0806090268E+15              1.0870937145E+16              0.0000000000E+00              0.0000000000E+00              0.0000000000E+00              1.2284303711E+16              5.3737044145E+13              8.7314813949E+02   0
    3    2    2              4.6042282386E+15              3.0764469532E+15              1.0867873675E+16              0.0000000000E+00              0.0000000000E+00              0.0000000000E+00              1.2284303711E+16              5.3737044145E+13              8.7314813949E+02   0
    3    2    3              3.0752294933E+15              4.6024061811E+15              1.0863572869E+16              0.0000000000E+00              0.0000000000E+00              0.0000000000E+00              1.2284303711E+16              5.3737044145E+13              8.7314813949E+02   0
    3    2    4              1.0795767136E+15              5.4273986472E+15              1.0860552065E+16              0.0000000000E+00              0.0000000000E+00              0.0000000000E+00              1.2284303711E+16              5.3737044145E+13              8.7314813949E+02   0
    3    3    1              8.4814007198E+15              1.6870554959E+15              8.6475611832E+15              0.0000000000E+00              0.0000000000E+00              0.0000000000E+00              1.2284303711E+16              5.3737044145E+13              8.7314813949E+02   0
    3    3    2              7.1850753356E+15              4.8009138511E+15              8.6414166306E+15              0.0000000000E+00              0.0000000000E+00              0.0000000000E+00              1.2284303711E+16              5.3737044145E+13              8.7314813949E+02   0
    3    3    3              4.7961657307E+15              7.1779692713E+15              8.6328702398E+15              0.0000000000E+00              0.0000000000E+00              0.0000000000E+00              1.2284303711E+16              5.3737044145E+13              8.7314813949E+02   0
    3    3    4              1.6830294466E+15              8.4611604035E+15              8.6269243355E+15              0.0000000000E+00              0.0000000000E+00              0.0000000000E+00              1.2284303711E+16              5.3737044145E+13              8.7314813949E+02   0
    3    4    1              1.0713510076E+16              2.1310496522E+15              5.5657503700E+15              0.0000000000E+00              0.0000000000E+00              0.0000000000E+00              1.2284303711E+16              5.3737044145E+13              8.7314813949E+02   0
    3    4    2              9.0718064447E+15              6.0615872737E+15              5.5592124932E+15              0.0000000000E+00              0.0000000000E+00              0.0000000000E+00              1.2284303711E+16              5.3737044145E+13              8.7314813949E+02   0
    3    4    3              6.0517768288E+15              9.0571240764E+15              5.5502151226E+15              0.0000000000E+00              0.0000000000E+00              0.0000000000E+00              1.2284303711E+16              5.3737044145E+13              8.7314813949E+02   0
    3    4    4              2.1227296721E+15              1.0671682712E+16              5.5440207343E+15              0.0000000000E+00              0.0000000000E+00              0.0000000000E+00              1.2284303711E+16              5.3737044145E+13              8.7314813949E+02   0
    3    5    1              1.1894767288E+16              2.3660163208E+15              1.9208547451E+15              0.0000000000E+00              0.0000000000E+00              0.0000000000E+00              1.2284303711E+16              5.3737044145E+13              8.7314813949E+02   0
    3    5    2              1.0068953090E+16              6.7278593606E+15              1.9180081583E+15              0.0000000000E+00              0.0000000000E+00              0.0000000000E+00              1.2284303711E+16              5.3737044145E+13              8.7314813949E+02   0
    3    5    3              6.7142201124E+15              1.0048540512E+16              1.9141198205E+15              0.0000000000E+00              0.0000000000E+00              0.0000000000E+00              1.2284303711E+16              5.3737044145E+13              8.7314813949E+02   0
    3    5    4              2.3544455687E+15              1.1836597190E+16              1.9114610085E+15              0.0000000000E+00              0.0000000000E+00              0.0000000000E+00              1.2284303711E+16              5.3737044145E+13              8.7314813949E+02   0
    4    1    1              1.1664419795E+16              2.3201973555E+15              7.5089063446E+16              0.0000000000E+00              0.0000000000E+00              0.0000000000E+00              7.7508716480E+16              3.5325980813E+14              7.7829505670E+02   0
    4    1    2              9.8881329251E+15              6.6070391895E+15              7.5085382929E+16              0.0000000000E+00              0.0000000000E+00              0.0000000000E+00              7.7508716480E+16              3.5325980813E+14              7.7829505670E+02   0
    4    1    3              6.6065822812E+15              9.8874491135E+15              7.5080190416E+16              0.0000000000E+00              0.0000000000E+00              0.0000000000E+00              7.7508716480E+16              3.5325980813E+14              7.7829505670E+02   0
    4    1    4              2.3198106895E+15              1.1662475894E+16              7.5076549689E+16              0.0000000000E+00              0.0000000000E+00              0.0000000000E+00              7.7508716480E+16              3.5325980813E+14              7.7829505670E+02   0
    4    2    1              3.3932632999E+16              6.7496203612E+15              6.7901245393E+16              0.0000000000E+00              0.0000000000E+00              0.0000000000E+00              7.7508716480E+16              3.5325980813E+14              7.7829505670E+02   0
    4    2    2              2.8753657320E+16              1.9212579583E+16              6.7870465851E+16              0.0000000000E+00              0.0000000000E+00              0.0000000000E+00              7.7508716480E+16              3.5325980813E+14              7.7829505670E+02   0
    4    2    3              1.9200533817E+16              2.8735629557E+16              6.7827912911E+16              0.0000000000E+00              0.0000000000E+00              0.0000000000E+00              7.7508716480E+16              3.5325980813E+14              7.7829505670E+02   0
    4    2    4              6.7394068488E+15              3.3881286204E+16              6.7798497361E+16              0.0000000000E+00              0.0000000000E+00              0.0000000000E+00              7.7508716480E+16              3.5325980813E+14              7.7829505670E+02   0
    4    3    1              5.3093361835E+16              1.0560926295E+16              5.4133522287E+16              0.0000000000E+00              0.0000000000E+00              0.0000000000E+00              7.7508716480E+16              3.5325980813E+14              7.7829505670E+02   0
    4    3    2              4.4950608985E+16              3.0035036685E+16              5.4061637755E+16              0.0000000000E+00              0.0000000000E+00              0.0000000000E+00              7.7508716480E+16              3.5325980813E+14              7.7829505670E+02   0
    4    3    3              2.9982328199E+16              4.4871725161E+16              5.3966764987E+16              0.0000000000E+00              0.0000000000E+00              0.0000000000E+00              7.7508716480E+16              3.5325980813E+14              7.7829505670E+02   0
    4    3    4              1.0516125706E+16              5.2868134066E+16              5.3903882045E+16              0.0000000000E+00              0.0000000000E+00              0.0000000000E+00              7.7508716480E+16              3.5325980813E+14              7.7829505670E+02   0
    4    4    1              6.7302257547E+16              1.3387251379E+16              3.4964037199E+16              0.0000000000E+00              0.0000000000E+00              0.0000000000E+00              7.7508716480E+16              3.5325980813E+14              7.7829505670E+02   0
    4    4    2              5.6900978538E+16              3.8020018336E+16              3.4868979260E+16              0.0000000000E+00              0.0000000000E+00              0.0000000000E+00              7.7508716480E+16              3.5325980813E+14              7.7829505670E+02   0
    4    4    3              3.7892778910E+16              5.6710551281E+16              3.4752285237E+16              0.0000000000E+00              0.0000000000E+00              0.0000000000E+00              7.7508716480E+16              3.5325980813E+14              7.7829505670E+02   0
    4    4    4              1.3278307319E+16              6.6754558775E+16              3.4679503501E+16              0.0000000000E+00              0.0000000000E+00              0.0000000000E+00              7.7508716480E+16              3.5325980813E+14              7.7829505670E+02   0
    4    5    1              7.4974009391E+16              1.4913257700E+16              1.2107355966E+16              0.0000000000E+00              0.0000000000E+00              0.0000000000E+00              7.7508716480E+16              3.5325980813E+14              7.7829505670E+02   0
    4    5    2              6.3298899172E+16              4.2294972231E+16              1.2057639354E+16              0.0000000000E+00              0.0000000000E+00              0.0000000000E+00              7.7508716480E+16              3.5325980813E+14              7.7829505670E+02   0
    4    5    3              4.2094461667E+16              6.2998813908E+16              1.2000476908E+16              0.0000000000E+00              0.0000000000E+00              0.0000000000E+00              7.7508716480E+16              3.5325980813E+14              7.7829505670E+02   0
    4    5    4              1.4739928369E+16              7.4102624001E+16              1.1966638227E+16              0.0000000000E+00              0.0000000000E+00              0.0000000000E+00              7.7508716480E+16              3.5325980813E+14              7.7829505670E+02   0
    5    1    1              7.4607665585E+16              1.4840387386E+16              4.8028276016E+17              0.0000000000E+00              0.0000000000E+00              0.0000000000E+00              4.8904693924E+17              3.3657967755E+15              4.8998172096E+02   0
    5    1    2              6.3248167659E+16              4.2261074517E+16              4.8027397327E+17              0.0000000000E+00              0.0000000000E+00              0.0000000000E+00              4.8904693924E+17              3.3657967755E+15              4.8998172096E+02   0
    5    1    3              4.2259981005E+16              6.3246531102E+16              4.8026154610E+17              0.0000000000E+00              0.0000000000E+00              0.0000000000E+00              4.8904693924E+17              3.3657967755E+15              4.8998172096E+02   0
    5    1    4              1.4839464258E+16              7.4603024704E+16              4.8025288474E+17              0.0000000000E+00              0.0000000000E+00              0.0000000000E+00              4.8904693924E+17              3.3657967755E+15              4.8998172096E+02   0
    5    2    1              2.1668274395E+17              4.3100877570E+16              4.3359524061E+17              0.0000000000E+00              0.0000000000E+00              0.0000000000E+00              4.8904693924E+17              3.3657967755E+15              4.8998172096E+02   0
    5    2    2              1.8366420068E+17              1.2272049544E+17              4.3352310703E+17              0.0000000000E+00              0.0000000000E+00              0.0000000000E+00              4.8904693924E+17              3.3657967755E+15              4.8998172096E+02   0
    5    2    3              1.2269225453E+17              1.8362193516E+17              4.3342334302E+17              0.0000000000E+00              0.0000000000E+00              0.0000000000E+00              4.8904693924E+17              3.3657967755E+15              4.8998172096E+02   0
    5    2    4              4.3076923945E+16              2.1656232095E+17              4.3335426691E+17              0.0000000000E+00              0.0000000000E+00              0.0000000000E+00              4.8904693924E+17              3.3657967755E+15              4.8998172096E+02   0
    5    3    1              3.3796001785E+17              6.7224427231E+16              3.4458104603E+17              0.0000000000E+00              0.0000000000E+00              0.0000000000E+00              4.8904693924E+17              3.3657967755E+15              4.8998172096E+02   0
    5    3    2              2.8637439330E+17              1.9134925205E+17              3.4441955433E+17              0.0000000000E+00              0.0000000000E+00              0.0000000000E+00              4.8904693924E+17              3.3657967755E+15              4.8998172096E+02   0
    5    3    3              1.9123032440E+17              2.8619640549E+17              3.4420549020E+17              0.0000000000E+00              0.0000000000E+00              0.0000000000E+00              4.8904693924E+17              3.3657967755E+15              4.8998172096E+02   0
    5    3    4              6.7123336228E+16              3.3745179906E+17              3.4406287064E+17              0.0000000000E+00              0.0000000000E+00              0.0000000000E+00              4.8904693924E+17              3.3657967755E+15              4.8998172096E+02   0
    5    4    1              4.2658726416E+17              8.4853482607E+16              2.2161534422E+17              0.0000000000E+00              0.0000000000E+00              0.0000000000E+00              4.8904693924E+17              3.3657967755E+15              4.8998172096E+02   0
    5    4    2              3.6131339448E+17              2.4142189178E+17              2.2141322666E+17              0.0000000000E+00              0.0000000000E+00              0.0000000000E+00              4.8904693924E+17              3.3657967755E+15              4.8998172096E+02   0
    5    4    3              2.4114948063E+17              3.6090570237E+17              2.2116339251E+17              0.0000000000E+00              0.0000000000E+00              0.0000000000E+00              4.8904693924E+17              3.3657967755E+15              4.8998172096E+02   0
    5    4    4              8.4620081319E+16              4.2541387664E+17              2.2100576043E+17              0.0000000000E+00              0.0000000000E+00              0.0000000000E+00              4.8904693924E+17              3.3657967755E+15              4.8998172096E+02   0
    5    5    1              4.7352936576E+17              9.4190847167E+16              7.6469014239E+16              0.0000000000E+00              0.0000000000E+00              0.0000000000E+00              4.8904693924E+17              3.3657967755E+15              4.8998172096E+02   0
    5    5    2              4.0089524370E+17              2.6786963788E+17              7.6365471284E+16              0.0000000000E+00              0.0000000000E+00              0.0000000000E+00              4.8904693924E+17              3.3657967755E+15              4.8998172096E+02   0
    5    5    3              2.6745643401E+17              4.0027684039E+17              7.6247673280E+16              0.0000000000E+00              0.0000000000E+00              0.0000000000E+00              4.8904693924E+17              3.3657967755E+15              4.8998172096E+02   0
    5    5    4              9.3831053337E+16              4.7172056003E+17              7.6176914951E+16              0.0000000000E+00              0.0000000000E+00              0.0000000000E+00              4.8904693924E+17              3.3657967755E+15              4.8998172096E+02   0
    6    1    1              4.7338739756E+17              9.4162607937E+16              3.0474054394E+18              0.0000000000E+00              0.0000000000E+00              0.0000000000E+00              3.0856775811E+18              4.2121917781E+16              2.4208943948E+02   0
    6    1    2              4.0131824894E+17              2.6815228095E+17              3.0474038554E+18              0.0000000000E+00              0.0000000000E+00              0.0000000000E+00              3.0856775811E+18              4.2121917781E+16              2.4208943948E+02   0
    6    1    3              2.6815214157E+17              4.0131804034E+17              3.0474022713E+18              0.0000000000E+00              0.0000000000E+00              0.0000000000E+00              3.0856775811E+18              4.2121917781E+16              2.4208943948E+02   0
    6    1    4              9.4162461099E+16              4.7338665936E+17              3.0474006873E+18              0.0000000000E+00              0.0000000000E+00              0.0000000000E+00              3.0856775811E+18              4.2121917781E+16              2.4208943948E+02   0
    6    2    1              1.3738465876E+18              2.7327507715E+17              2.7491498900E+18              0.0000000000E+00              0.0000000000E+00              0.0000000000E+00              3.0856775811E+18              4.2121917781E+16              2.4208943948E+02   0
    6    2    2              1.1646863581E+18              7.7821854436E+17              2.7491391726E+18              0.0000000000E+00              0.0000000000E+00              0.0000000000E+00              3.0856775811E+18              4.2121917781E+16              2.4208943948E+02   0
    6    2    3              7.7821449923E+17              1.1646803041E+18              2.7491248828E+18              0.0000000000E+00              0.0000000000E+00              0.0000000000E+00              3.0856775811E+18              4.2121917781E+16              2.4208943948E+02   0
    6    2    4              2.7327152600E+17              1.3738287347E+18              2.7491141654E+18              0.0000000000E+00              0.0000000000E+00              0.0000000000E+00              3.0856775811E+18              4.2121917781E+16              2.4208943948E+02   0
    6    3    1              2.1398740648E+18              4.2564741613E+17              2.1817966762E+18              0.0000000000E+00              0.0000000000E+00              0.0000000000E+00              3.0856775811E+18              4.2121917781E+16              2.4208943948E+02   0
    6    3    2              1.8140806637E+18              1.2121299470E+18              2.1817762633E+18              0.0000000000E+00              0.0000000000E+00              0.0000000000E+00              3.0856775811E+18              4.2121917781E+16              2.4208943948E+02   0
    6    3    3              1.2121141959E+18              1.8140570906E+18              2.1817479120E+18              0.0000000000E+00              0.0000000000E+00              0.0000000000E+00              3.0856775811E+18              4.2121917781E+16              2.4208943948E+02   0
    6    3    4              4.2563403098E+17              2.1398067731E+18              2.1817280661E+18              0.0000000000E+00              0.0000000000E+00              0.0000000000E+00              3.0856775811E+18              4.2121917781E+16              2.4208943948E+02   0
    6    4    1              2.6964722055E+18              5.3636166997E+17              1.4008379204E+18              0.0000000000E+00              0.0000000000E+00              0.0000000000E+00              3.0856775811E+18              4.2121917781E+16              2.4208943948E+02   0
    6    4    2              2.2859248933E+18              1.5274061816E+18              1.4008171694E+18              0.0000000000E+00              0.0000000000E+00              0.0000000000E+00              3.0856775811E+18              4.2121917781E+16              2.4208943948E+02   0
    6    4    3              1.5273744255E+18              2.2858773669E+18              1.4007880452E+18              0.0000000000E+00              0.0000000000E+00              0.0000000000E+00              3.0856775811E+18              4.2121917781E+16              2.4208943948E+02   0
    6    4    4              5.3633476757E+17              2.6963369580E+18              1.4007676583E+18              0.0000000000E+00              0.0000000000E+00              0.0000000000E+00              3.0856775811E+18              4.2121917781E+16              2.4208943948E+02   0
    6    5    1              2.9891129579E+18              5.9457153481E+17              4.8270400500E+17              0.0000000000E+00              0.0000000000E+00              0.0000000000E+00              3.0856775811E+18              4.2121917781E+16              2.4208943948E+02   0
    6    5    2              2.5340015085E+18              1.6931656764E+18              4.8269522393E+17              0.0000000000E+00              0.0000000000E+00              0.0000000000E+00              3.0856775811E+18              4.2121917781E+16              2.4208943948E+02   0
    6    5    3              1.6931223341E+18              2.5339366421E+18              4.8268286770E+17              0.0000000000E+00              0.0000000000E+00              0.0000000000E+00              3.0856775811E+18              4.2121917781E+16              2.4208943948E+02   0
    6    5    4              5.9453476006E+17              2.9889280787E+18              4.8267414935E+17              0.0000000000E+00              0.0000000000E+00              0.0000000000E+00              3.0856775811E+18              4.2121917781E+16              2.4208943948E+02   0
