           6           5           4
    1    1    1              4.7298618519E+13              9.4082801834E+12              3.0448226567E+14              0.0000000000E+00              0.0000000000E+00              0.0000000000E+00              3.0856775811E+14              5.7147523411E+12              2.2696848416E+02   0
    1    1    2              4.0097832612E+13              2.6792515178E+13              3.0448226567E+14              0.0000000000E+00              0.0000000000E+00              0.0000000000E+00              3.0856775811E+14              5.7147523411E+12              2.2696848416E+02   0
    1    1    3              2.6792515178E+13              4.0097832612E+13              3.0448226567E+14              0.0000000000E+00              0.0000000000E+00              0.0000000000E+00              3.0856775811E+14              5.7147523411E+12              2.2696848416E+02   0
    1    1    4              9.4082801834E+12              4.7298618519E+13              3.0448226567E+14              0.0000000000E+00              0.0000000000E+00              0.0000000000E+00              3.0856775811E+14              5.7147523411E+12              2.2696848416E+02   0
    1    2    1              1.3728993147E+14              2.7308665287E+13              2.7472543399E+14              0.0000000000E+00              0.0000000000E+00              0.0000000000E+00              3.0856775811E+14              5.7147523411E+12              2.2696848416E+02   0
    1    2    2              1.1638878394E+14              7.7768499124E+13              2.7472543399E+14              0.0000000000E+00              0.0000000000E+00              0.0000000000E+00              3.0856775811E+14              5.7147523411E+12              2.2696848416E+02   0
    1    2    3              7.7767851903E+13              1.1638781531E+14              2.7472314761E+14              0.0000000000E+00              0.0000000000E+00              0.0000000000E+00              3.0856775811E+14              5.7147523411E+12              2.2696848416E+02   0
    1    2    4              2.7308438013E+13              1.3728878889E+14              2.7472314761E+14              0.0000000000E+00              0.0000000000E+00              0.0000000000E+00              3.0856775811E+14              5.7147523411E+12              2.2696848416E+02   0
    1    3    1              2.1389458844E+14              4.2546278956E+13              2.1808503116E+14              0.0000000000E+00              0.0000000000E+00              0.0000000000E+00              3.0856775811E+14              5.7147523411E+12              2.2696848416E+02   0
    1    3    2              1.8132956762E+14              1.2116054351E+14              2.1808321668E+14              0.0000000000E+00              0.0000000000E+00              0.0000000000E+00              3.0856775811E+14              5.7147523411E+12              2.2696848416E+02   0
    1    3    3              1.2116054351E+14              1.8132956762E+14              2.1808321668E+14              0.0000000000E+00              0.0000000000E+00              0.0000000000E+00              3.0856775811E+14              5.7147523411E+12              2.2696848416E+02   0
    1    3    4              4.2545924968E+13              2.1389280882E+14              2.1808321668E+14              0.0000000000E+00              0.0000000000E+00              0.0000000000E+00              3.0856775811E+14              5.7147523411E+12              2.2696848416E+02   0
    1    4    1              2.6959914812E+14              5.3626604796E+13              1.4005881804E+14              0.0000000000E+00              0.0000000000E+00              0.0000000000E+00              3.0856775811E+14              5.7147523411E+12              2.2696848416E+02   0
    1    4    2              2.2855322069E+14              1.5271437969E+14              1.4005765308E+14              0.0000000000E+00              0.0000000000E+00              0.0000000000E+00              3.0856775811E+14              5.7147523411E+12              2.2696848416E+02   0
    1    4    3              1.5271437969E+14              2.2855322069E+14              1.4005765308E+14              0.0000000000E+00              0.0000000000E+00              0.0000000000E+00              3.0856775811E+14              5.7147523411E+12              2.2696848416E+02   0
    1    4    4              5.3625712696E+13              2.6959466323E+14              1.4005648811E+14              0.0000000000E+00              0.0000000000E+00              0.0000000000E+00              3.0856775811E+14              5.7147523411E+12              2.2696848416E+02   0
    1    5    1              2.9890515904E+14              5.9455932807E+13              4.8269409493E+13              0.0000000000E+00              0.0000000000E+00              0.0000000000E+00              3.0856775811E+14              5.7147523411E+12              2.2696848416E+02   0
    1    5    2              2.5339745082E+14              1.6931476354E+14              4.8269008073E+13              0.0000000000E+00              0.0000000000E+00              0.0000000000E+00              3.0856775811E+14              5.7147523411E+12              2.2696848416E+02   0
    1    5    3              1.6931335547E+14              2.5339534349E+14              4.8268606652E+13              0.0000000000E+00              0.0000000000E+00              0.0000000000E+00              3.0856775811E+14              5.7147523411E+12              2.2696848416E+02   0
    1    5    4              5.9454943906E+13              2.9890018750E+14              4.8268606652E+13              0.0000000000E+00              0.0000000000E+00              0.0000000000E+00              3.0856775811E+14              5.7147523411E+12              2.2696848416E+02   0
    2    1    1              2.9682066800E+14              5.9041301759E+13              1.9107667903E+15              0.0000000000E+00              0.0000000000E+00              0.0000000000E+00              1.9469309325E+15              1.5416556107E+13              5.1943759317E+02   0
    2    1    2              2.5163241198E+14              1.6813540230E+14              1.9107667903E+15              0.0000000000E+00              0.0000000000E+00              0.0000000000E+00              1.9469309325E+15              1.5416556107E+13              5.1943759317E+02   0
    2    1    3              1.6813505051E+14              2.5163188550E+14              1.9107627924E+15              0.0000000000E+00              0.0000000000E+00              0.0000000000E+00              1.9469309325E+15              1.5416556107E+13              5.1943759317E+02   0
    2    1    4              5.9041178229E+13              2.9682004697E+14              1.9107627924E+15              0.0000000000E+00              0.0000000000E+00              0.0000000000E+00              1.9469309325E+15              1.5416556107E+13              5.1943759317E+02   0
    2    2    1              8.6240920947E+14              1.7154385751E+14              1.7257328473E+15              0.0000000000E+00              0.0000000000E+00              0.0000000000E+00              1.9469309325E+15              1.5416556107E+13              5.1943759317E+02   0
    2    2    2              7.3110911341E+14              4.8851149157E+14              1.7257184212E+15              0.0000000000E+00              0.0000000000E+00              0.0000000000E+00              1.9469309325E+15              1.5416556107E+13              5.1943759317E+02   0
    2    2    3              4.8850536604E+14              7.3109994590E+14              1.7256967821E+15              0.0000000000E+00              0.0000000000E+00              0.0000000000E+00              1.9469309325E+15              1.5416556107E+13              5.1943759317E+02   0
    2    2    4              1.7153883850E+14              8.6238397723E+14              1.7256823561E+15              0.0000000000E+00              0.0000000000E+00              0.0000000000E+00              1.9469309325E+15              1.5416556107E+13              5.1943759317E+02   0
    2    3    1              1.3457911516E+15              2.6769450397E+14              1.3721567590E+15              0.0000000000E+00              0.0000000000E+00              0.0000000000E+00              1.9469309325E+15              1.5416556107E+13              5.1943759317E+02   0
    2    3    2              1.1408816606E+15              7.6231275403E+14              1.3721267064E+15              0.0000000000E+00              0.0000000000E+00              0.0000000000E+00              1.9469309325E+15              1.5416556107E+13              5.1943759317E+02   0
    2    3    3              7.6228969723E+14              1.1408471537E+15              1.3720852053E+15              0.0000000000E+00              0.0000000000E+00              0.0000000000E+00              1.9469309325E+15              1.5416556107E+13              5.1943759317E+02   0
    2    3    4              2.6767496076E+14              1.3456929013E+15              1.3720565838E+15              0.0000000000E+00              0.0000000000E+00              0.0000000000E+00              1.9469309325E+15              1.5416556107E+13              5.1943759317E+02   0
    2    4    1              1.6990641714E+15              3.3796487667E+14              8.8267682332E+14              0.0000000000E+00              0.0000000000E+00              0.0000000000E+00              1.9469309325E+15              1.5416556107E+13              5.1943759317E+02   0
    2    4    2              1.4403475747E+15              9.6240948057E+14              8.8264650271E+14              0.0000000000E+00              0.0000000000E+00              0.0000000000E+00              1.9469309325E+15              1.5416556107E+13              5.1943759317E+02   0
    2    4    3              9.6236439792E+14              1.4402801037E+15              8.8260515644E+14              0.0000000000E+00              0.0000000000E+00              0.0000000000E+00              1.9469309325E+15              1.5416556107E+13              5.1943759317E+02   0
    2    4    4              3.3792582706E+14              1.6988678558E+15              8.8257483583E+14              0.0000000000E+00              0.0000000000E+00              0.0000000000E+00              1.9469309325E+15              1.5416556107E+13              5.1943759317E+02   0
    2    5    1              1.8856935024E+15              3.7508775872E+14              3.0451569367E+14              0.0000000000E+00              0.0000000000E+00              0.0000000000E+00              1.9469309325E+15              1.5416556107E+13              5.1943759317E+02   0
    2    5    2              1.5985472786E+15              1.0681151433E+15              3.0450302971E+14              0.0000000000E+00              0.0000000000E+00              0.0000000000E+00              1.9469309325E+15              1.5416556107E+13              5.1943759317E+02   0
    2    5    3              1.0680518422E+15              1.5984525419E+15              3.0448498356E+14              0.0000000000E+00              0.0000000000E+00              0.0000000000E+00              1.9469309325E+15              1.5416556107E+13              5.1943759317E+02   0
    2    5    4              3.7503433263E+14              1.8854249113E+15              3.0447231960E+14              0.0000000000E+00              0.0000000000E+00              0.0000000000E+00              1.9469309325E+15              1.5416556107E+13              5.1943759317E+02   0
    3    1    1              1.8709965861E+15              3.7216436030E+14              1.2044438029E+16              0.0000000000E+00              0.0000000000E+00              0.0000000000E+00              1.2284303711E+16              5.4130905979E+13              8.7081308785E+02   0
    3    1    2              1.5861526555E+15              1.0598333209E+15              1.2044425416E+16              0.0000000000E+00              0.0000000000E+00              0.0000000000E+00              1.2284303711E+16              5.4130905979E+13              8.7081308785E+02   0
    3    1    3              1.0598322111E+15              1.5861509946E+15              1.2044412804E+16              0.0000000000E+00              0.0000000000E+00              0.0000000000E+00              1.2284303711E+16              5.4130905979E+13              8.7081308785E+02   0
    3    1    4              3.7216319116E+14              1.8709907084E+15              1.2044400192E+16              0.0000000000E+00              0.0000000000E+00              0.0000000000E+00              1.2284303711E+16              5.4130905979E+13              8.7081308785E+02   0
    3    2    1              5.4368201535E+15              1.0814507677E+15              1.0879405068E+16              0.0000000000E+00              0.0000000000E+00              0.0000000000E+00              1.2284303711E+16              5.4130905979E+13              8.7081308785E+02   0
    3    2    2              4.6090750080E+15              3.0796854609E+15              1.0879314045E+16              0.0000000000E+00              0.0000000000E+00              0.0000000000E+00              1.2284303711E+16              5.4130905979E+13              8.7081308785E+02   0
    3    2    3              3.0796500322E+15              4.6090219851E+15              1.0879188889E+16              0.0000000000E+00              0.0000000000E+00              0.0000000000E+00              1.2284303711E+16              5.4130905979E+13              8.7081308785E+02   0
    3    2    4              1.0814207965E+15              5.4366694776E+15              1.0879103556E+16              0.0000000000E+00              0.0000000000E+00              0.0000000000E+00              1.2284303711E+16              5.4130905979E+13              8.7081308785E+02   0
    3    3    1              8.4862803586E+15              1.6880261164E+15              8.6525364197E+15              0.0000000000E+00              0.0000000000E+00              0.0000000000E+00              1.2284303711E+16              5.4130905979E+13              8.7081308785E+02   0
    3    3    2              7.1941709478E+15              4.8069913448E+15              8.6523558303E+15              0.0000000000E+00              0.0000000000E+00              0.0000000000E+00              1.2284303711E+16              5.4130905979E+13              8.7081308785E+02   0
    3    3    3              4.8068508827E+15              7.1939607314E+15              8.6521030052E+15              0.0000000000E+00              0.0000000000E+00              0.0000000000E+00              1.2284303711E+16              5.4130905979E+13              8.7081308785E+02   0
    3    3    4              1.6879072110E+15              8.4856825807E+15              8.6519269306E+15              0.0000000000E+00              0.0000000000E+00              0.0000000000E+00              1.2284303711E+16              5.4130905979E+13              8.7081308785E+02   0
    3    4    1              1.0717412997E+16              2.1318259913E+15              5.5677779669E+15              0.0000000000E+00              0.0000000000E+00              0.0000000000E+00              1.2284303711E+16              5.4130905979E+13              8.7081308785E+02   0
    3    4    2              9.0854718319E+15              6.0707181935E+15              5.5675866568E+15              0.0000000000E+00              0.0000000000E+00              0.0000000000E+00              1.2284303711E+16              5.4130905979E+13              8.7081308785E+02   0
    3    4    3              6.0704242594E+15              9.0850319284E+15              5.5673170835E+15              0.0000000000E+00              0.0000000000E+00              0.0000000000E+00              1.2284303711E+16              5.4130905979E+13              8.7081308785E+02   0
    3    4    4              2.1315773852E+15              1.0716163169E+16              5.5671286721E+15              0.0000000000E+00              0.0000000000E+00              0.0000000000E+00              1.2284303711E+16              5.4130905979E+13              8.7081308785E+02   0
    3    5    1              1.1897501067E+16              2.3665601031E+15              1.9212962157E+15              0.0000000000E+00              0.0000000000E+00              0.0000000000E+00              1.2284303711E+16              5.4130905979E+13              8.7081308785E+02   0
    3    5    2              1.0085779178E+16              6.7391021933E+15              1.9212133151E+15              0.0000000000E+00              0.0000000000E+00              0.0000000000E+00              1.2284303711E+16              5.4130905979E+13              8.7081308785E+02   0
    3    5    3              6.7386887766E+15              1.0085160456E+16              1.9210954565E+15              0.0000000000E+00              0.0000000000E+00              0.0000000000E+00              1.2284303711E+16              5.4130905979E+13              8.7081308785E+02   0
    3    5    4              2.3662107045E+15              1.1895744521E+16              1.9210125559E+15              0.0000000000E+00              0.0000000000E+00              0.0000000000E+00              1.2284303711E+16              5.4130905979E+13              8.7081308785E+02   0
    4    1    1              1.1704734882E+16              2.3282165249E+15              7.5348589610E+16              0.0000000000E+00              0.0000000000E+00              0.0000000000E+00              7.7508716480E+16              3.5996929226E+14              7.7305218367E+02   0
    4    1    2              9.9227846199E+15              6.6301927117E+15              7.5348510032E+16              0.0000000000E+00              0.0000000000E+00              0.0000000000E+00              7.7508716480E+16              3.5996929226E+14              7.7305218367E+02   0
    4    1    3              6.6301804574E+15              9.9227662801E+15              7.5348370769E+16              0.0000000000E+00              0.0000000000E+00              0.0000000000E+00              7.7508716480E+16              3.5996929226E+14              7.7305218367E+02   0
    4    1    4              2.3282073039E+15              1.1704688525E+16              7.5348291190E+16              0.0000000000E+00              0.0000000000E+00              0.0000000000E+00              7.7508716480E+16              3.5996929226E+14              7.7305218367E+02   0
    4    2    1              3.4038286315E+16              6.7706361124E+15              6.8112664052E+16              0.0000000000E+00              0.0000000000E+00              0.0000000000E+00              7.7508716480E+16              3.5996929226E+14              7.7305218367E+02   0
    4    2    2              2.8855954040E+16              1.9280932066E+16              6.8111928214E+16              0.0000000000E+00              0.0000000000E+00              0.0000000000E+00              7.7508716480E+16              3.5996929226E+14              7.7305218367E+02   0
    4    2    3              1.9280637400E+16              2.8855513040E+16              6.8110887273E+16              0.0000000000E+00              0.0000000000E+00              0.0000000000E+00              7.7508716480E+16              3.5996929226E+14              7.7305218367E+02   0
    4    2    4              6.7703845657E+15              3.4037021704E+16              6.8110133489E+16              0.0000000000E+00              0.0000000000E+00              0.0000000000E+00              7.7508716480E+16              3.5996929226E+14              7.7305218367E+02   0
    4    3    1              5.3223262785E+16              1.0586765200E+16              5.4265968147E+16              0.0000000000E+00              0.0000000000E+00              0.0000000000E+00              7.7508716480E+16              3.5996929226E+14              7.7305218367E+02   0
    4    3    2              4.5119082379E+16              3.0147607008E+16              5.4264258984E+16              0.0000000000E+00              0.0000000000E+00              0.0000000000E+00              7.7508716480E+16              3.5996929226E+14              7.7305218367E+02   0
    4    3    3              3.0146253886E+16              4.5117057288E+16              5.4261823427E+16              0.0000000000E+00              0.0000000000E+00              0.0000000000E+00              7.7508716480E+16              3.5996929226E+14              7.7305218367E+02   0
    4    3    4              1.0585623165E+16              5.3217521384E+16              5.4260114265E+16              0.0000000000E+00              0.0000000000E+00              0.0000000000E+00              7.7508716480E+16              3.5996929226E+14              7.7305218367E+02   0
    4    4    1              6.7406551785E+16              1.3407996793E+16              3.5018218853E+16              0.0000000000E+00              0.0000000000E+00              0.0000000000E+00              7.7508716480E+16              3.5996929226E+14              7.7305218367E+02   0
    4    4    2              5.7140829436E+16              3.8180281582E+16              3.5015960141E+16              0.0000000000E+00              0.0000000000E+00              0.0000000000E+00              7.7508716480E+16              3.5996929226E+14              7.7305218367E+02   0
    4    4    3              3.8176811688E+16              5.7135636373E+16              3.5012777826E+16              0.0000000000E+00              0.0000000000E+00              0.0000000000E+00              7.7508716480E+16              3.5996929226E+14              7.7305218367E+02   0
    4    4    4              1.3405059172E+16              6.7391783369E+16              3.5010546548E+16              0.0000000000E+00              0.0000000000E+00              0.0000000000E+00              7.7508716480E+16              3.5996929226E+14              7.7305218367E+02   0
    4    5    1              7.5033327130E+16              1.4925056732E+16              1.2116935032E+16              0.0000000000E+00              0.0000000000E+00              0.0000000000E+00              7.7508716480E+16              3.5996929226E+14              7.7305218367E+02   0
    4    5    2              6.3603996610E+16              4.2498831821E+16              1.2115756555E+16              0.0000000000E+00              0.0000000000E+00              0.0000000000E+00              7.7508716480E+16              3.5996929226E+14              7.7305218367E+02   0
    4    5    3              4.2493017999E+16              6.3595295610E+16              1.2114099125E+16              0.0000000000E+00              0.0000000000E+00              0.0000000000E+00              7.7508716480E+16              3.5996929226E+14              7.7305218367E+02   0
    4    5    4              1.4920127531E+16              7.5008546364E+16              1.2112933251E+16              0.0000000000E+00              0.0000000000E+00              0.0000000000E+00              7.7508716480E+16              3.5996929226E+14              7.7305218367E+02   0
    5    1    1              7.4640931736E+16              1.4847004435E+16              4.8049690918E+17              0.0000000000E+00              0.0000000000E+00              0.0000000000E+00              4.8904693924E+17              3.4195017408E+15              4.8560809953E+02   0
    5    1    2              6.3277493439E+16              4.2280669377E+16              4.8049665813E+17              0.0000000000E+00              0.0000000000E+00              0.0000000000E+00              4.8904693924E+17              3.4195017408E+15              4.8560809953E+02   0
    5    1    3              4.2280625195E+16              6.3277427315E+16              4.8049615602E+17              0.0000000000E+00              0.0000000000E+00              0.0000000000E+00              4.8904693924E+17              3.4195017408E+15              4.8560809953E+02   0
    5    1    4              1.4846973405E+16              7.4640775740E+16              4.8049590497E+17              0.0000000000E+00              0.0000000000E+00              0.0000000000E+00              4.8904693924E+17              3.4195017408E+15              4.8560809953E+02   0
    5    2    1              2.1677368369E+17              4.3118966609E+16              4.3377721652E+17              0.0000000000E+00              0.0000000000E+00              0.0000000000E+00              4.8904693924E+17              3.4195017408E+15              4.8560809953E+02   0
    5    2    2              1.8377084795E+17              1.2279175487E+17              4.3377483849E+17              0.0000000000E+00              0.0000000000E+00              0.0000000000E+00              4.8904693924E+17              3.4195017408E+15              4.8560809953E+02   0
    5    2    3              1.2279082526E+17              1.8376945669E+17              4.3377155454E+17              0.0000000000E+00              0.0000000000E+00              0.0000000000E+00              4.8904693924E+17              3.4195017408E+15              4.8560809953E+02   0
    5    2    4              4.3118167405E+16              2.1676966582E+17              4.3376917651E+17              0.0000000000E+00              0.0000000000E+00              0.0000000000E+00              4.8904693924E+17              3.4195017408E+15              4.8560809953E+02   0
    5    3    1              3.3808456054E+17              6.7249200312E+16              3.4470802866E+17              0.0000000000E+00              0.0000000000E+00              0.0000000000E+00              4.8904693924E+17              3.4195017408E+15              4.8560809953E+02   0
    5    3    2              2.8660991707E+17              1.9150662400E+17              3.4470281635E+17              0.0000000000E+00              0.0000000000E+00              0.0000000000E+00              4.8904693924E+17              3.4195017408E+15              4.8560809953E+02   0
    5    3    3              1.9150243008E+17              2.8660364042E+17              3.4469526749E+17              0.0000000000E+00              0.0000000000E+00              0.0000000000E+00              4.8904693924E+17              3.4195017408E+15              4.8560809953E+02   0
    5    3    4              6.7245693860E+16              3.3806693242E+17              3.4469005518E+17              0.0000000000E+00              0.0000000000E+00              0.0000000000E+00              4.8904693924E+17              3.4195017408E+15              4.8560809953E+02   0
    5    4    1              4.2671476523E+17              8.4878844148E+16              2.2168158200E+17              0.0000000000E+00              0.0000000000E+00              0.0000000000E+00              4.8904693924E+17              3.4195017408E+15              4.8560809953E+02   0
    5    4    2              3.6174048255E+17              2.4170726291E+17              2.2167494668E+17              0.0000000000E+00              0.0000000000E+00              0.0000000000E+00              4.8904693924E+17              3.4195017408E+15              4.8560809953E+02   0
    5    4    3              2.4169707109E+17              3.6172522941E+17              2.2166559954E+17              0.0000000000E+00              0.0000000000E+00              0.0000000000E+00              4.8904693924E+17              3.4195017408E+15              4.8560809953E+02   0
    5    4    4              8.4870206202E+16              4.2667133934E+17              2.2165902192E+17              0.0000000000E+00              0.0000000000E+00              0.0000000000E+00              4.8904693924E+17              3.4195017408E+15              4.8560809953E+02   0
    5    5    1              4.7364176976E+17              9.4213205713E+16              7.6487166067E+16              0.0000000000E+00              0.0000000000E+00              0.0000000000E+00              4.8904693924E+17              3.4195017408E+15              4.8560809953E+02   0
    5    5    2              4.0151604756E+17              2.6828444576E+17              7.6483726564E+16              0.0000000000E+00              0.0000000000E+00              0.0000000000E+00              4.8904693924E+17              3.4195017408E+15              4.8560809953E+02   0
    5    5    3              2.6826756891E+17              4.0149078957E+17              7.6478915236E+16              0.0000000000E+00              0.0000000000E+00              0.0000000000E+00              4.8904693924E+17              3.4195017408E+15              4.8560809953E+02   0
    5    5    4              9.4198855102E+16              4.7356962437E+17              7.6475515496E+16              0.0000000000E+00              0.0000000000E+00              0.0000000000E+00              4.8904693924E+17              3.4195017408E+15              4.8560809953E+02   0
    6    1    1              4.7338752059E+17              9.4162632410E+16              3.0474062314E+18              0.0000000000E+00              0.0000000000E+00              0.0000000000E+00              3.0856775811E+18              4.2124137803E+16              2.4206229750E+02   0
    6    1    2              4.0131856185E+17              2.6815249003E+17              3.0474062314E+18              0.0000000000E+00              0.0000000000E+00              0.0000000000E+00              3.0856775811E+18              4.2124137803E+16              2.4206229750E+02   0
    6    1    3              2.6815249003E+17              4.0131856185E+17              3.0474062314E+18              0.0000000000E+00              0.0000000000E+00              0.0000000000E+00              3.0856775811E+18              4.2124137803E+16              2.4206229750E+02   0
    6    1    4              9.4162632410E+16              4.7338752059E+17              3.0474062314E+18              0.0000000000E+00              0.0000000000E+00              0.0000000000E+00              3.0856775811E+18              4.2124137803E+16              2.4206229750E+02   0
    6    2    1              1.3738473017E+18              2.7327521920E+17              2.7491513190E+18              0.0000000000E+00              0.0000000000E+00              0.0000000000E+00              3.0856775811E+18              4.2124137803E+16              2.4206229750E+02   0
    6    2    2              1.1646915040E+18              7.7822198272E+17              2.7491513190E+18              0.0000000000E+00              0.0000000000E+00              0.0000000000E+00              3.0856775811E+18              4.2124137803E+16              2.4206229750E+02   0
    6    2    3              7.7822178047E+17              1.1646912013E+18              2.7491506045E+18              0.0000000000E+00              0.0000000000E+00              0.0000000000E+00              3.0856775811E+18              4.2124137803E+16              2.4206229750E+02   0
    6    2    4              2.7327511267E+17              1.3738467661E+18              2.7491502473E+18              0.0000000000E+00              0.0000000000E+00              0.0000000000E+00              3.0856775811E+18              4.2124137803E+16              2.4206229750E+02   0
    6    3    1              2.1398768455E+18              4.2564796923E+17              2.1817995113E+18              0.0000000000E+00              0.0000000000E+00              0.0000000000E+00              3.0856775811E+18              4.2124137803E+16              2.4206229750E+02   0
    6    3    2              1.8140995223E+18              1.2121425479E+18              2.1817989443E+18              0.0000000000E+00              0.0000000000E+00              0.0000000000E+00              3.0856775811E+18              4.2124137803E+16              2.4206229750E+02   0
    6    3    3              1.2121419178E+18              1.8140985794E+18              2.1817978102E+18              0.0000000000E+00              0.0000000000E+00              0.0000000000E+00              3.0856775811E+18              4.2124137803E+16              2.4206229750E+02   0
    6    3    4              4.2564741613E+17              2.1398740648E+18              2.1817966762E+18              0.0000000000E+00              0.0000000000E+00              0.0000000000E+00              3.0856775811E+18              4.2124137803E+16              2.4206229750E+02   0
    6    4    1              2.6964771108E+18              5.3636264570E+17              1.4008404688E+18              0.0000000000E+00              0.0000000000E+00              0.0000000000E+00              3.0856775811E+18              4.2124137803E+16              2.4206229750E+02   0
    6    4    2              2.2859617262E+18              1.5274307925E+18              1.4008397407E+18              0.0000000000E+00              0.0000000000E+00              0.0000000000E+00              3.0856775811E+18              4.2124137803E+16              2.4206229750E+02   0
    6    4    3              1.5274296017E+18              2.2859599439E+18              1.4008386485E+18              0.0000000000E+00              0.0000000000E+00              0.0000000000E+00              3.0856775811E+18              4.2124137803E+16              2.4206229750E+02   0
    6    4    4              5.3636166997E+17              2.6964722055E+18              1.4008379204E+18              0.0000000000E+00              0.0000000000E+00              0.0000000000E+00              3.0856775811E+18              4.2124137803E+16              2.4206229750E+02   0
    6    5    1              2.9891199491E+18              5.9457292546E+17              4.8270513400E+17              0.0000000000E+00              0.0000000000E+00              0.0000000000E+00              3.0856775811E+18              4.2124137803E+16              2.4206229750E+02   0
    6    5    2              2.5340515577E+18              1.6931991182E+18              4.8270475767E+17              0.0000000000E+00              0.0000000000E+00              0.0000000000E+00              3.0856775811E+18              4.2124137803E+16              2.4206229750E+02   0
    6    5    3              1.6931975781E+18              2.5340492528E+18              4.8270431861E+17              0.0000000000E+00              0.0000000000E+00              0.0000000000E+00              3.0856775811E+18              4.2124137803E+16              2.4206229750E+02   0
    6    5    4              5.9457153481E+17              2.9891129579E+18              4.8270400500E+17              0.0000000000E+00              0.0000000000E+00              0.0000000000E+00              3.0856775811E+18              4.2124137803E+16              2.4206229750E+02   0
