           6           5           4
    1    1    1              1.5070391637E+12              0.0000000000E+00              9.5150708023E+12              0.0000000000E+00              3.9057657138E+02              0.0000000000E+00              3.0856775811E+14              5.7147523411E+12              2.2696848416E+02   1
    1    1    2              1.6577430800E+13              0.0000000000E+00              1.0466577882E+14              0.0000000000E+00              3.1801583801E+02              0.0000000000E+00              3.0856775811E+14              5.7147523411E+12              2.2696848416E+02   1
    1    1    3              3.1647822437E+13              0.0000000000E+00              1.9981648685E+14              0.0000000000E+00              2.2914143873E+02              0.0000000000E+00              3.0856775811E+14              5.7147523411E+12              2.2696848416E+02   1
    1    1    4              4.6718214074E+13              0.0000000000E+00              2.9496719487E+14              0.0000000000E+00              6.8803213616E+01              0.0000000000E+00              3.0856775811E+14              5.7147523411E+12              2.2696848416E+02   1
    1    2    1              4.3743625075E+12              0.0000000000E+00              8.5851698122E+12              0.0000000000E+00              3.9057511324E+02              0.0000000000E+00              3.0856775811E+14              5.7147523411E+12              2.2696848416E+02   1
    1    2    2              4.8117987583E+13              0.0000000000E+00              9.4436867934E+13              0.0000000000E+00              3.1800592948E+02              0.0000000000E+00              3.0856775811E+14              5.7147523411E+12              2.2696848416E+02   1
    1    2    3              9.1861612658E+13              0.0000000000E+00              1.8028856606E+14              0.0000000000E+00              2.2912783585E+02              0.0000000000E+00              3.0856775811E+14              5.7147523411E+12              2.2696848416E+02   1
    1    2    4              1.3560523773E+14              0.0000000000E+00              2.6614026418E+14              0.0000000000E+00              6.8797566702E+01              0.0000000000E+00              3.0856775811E+14              5.7147523411E+12              2.2696848416E+02   1
    1    3    1              6.8151572237E+12              0.0000000000E+00              6.8151572237E+12              0.0000000000E+00              3.9057275262E+02              0.0000000000E+00              3.0856775811E+14              5.7147523411E+12              2.2696848416E+02   1
    1    3    2              7.4966729461E+13              0.0000000000E+00              7.4966729461E+13              0.0000000000E+00              3.1798988908E+02              0.0000000000E+00              3.0856775811E+14              5.7147523411E+12              2.2696848416E+02   1
    1    3    3              1.4311830170E+14              0.0000000000E+00              1.4311830170E+14              0.0000000000E+00              2.2910582557E+02              0.0000000000E+00              3.0856775811E+14              5.7147523411E+12              2.2696848416E+02   1
    1    3    4              2.1126987393E+14              0.0000000000E+00              2.1126987393E+14              0.0000000000E+00              6.8788557388E+01              0.0000000000E+00              3.0856775811E+14              5.7147523411E+12              2.2696848416E+02   1
    1    4    1              8.5900283651E+12              0.0000000000E+00              4.3768380639E+12              0.0000000000E+00              3.9057039224E+02              0.0000000000E+00              3.0856775811E+14              5.7147523411E+12              2.2696848416E+02   1
    1    4    2              9.4490312016E+13              0.0000000000E+00              4.8145218703E+13              0.0000000000E+00              3.1797385731E+02              0.0000000000E+00              3.0856775811E+14              5.7147523411E+12              2.2696848416E+02   1
    1    4    3              1.8039059567E+14              0.0000000000E+00              9.1913599342E+13              0.0000000000E+00              2.2908386323E+02              0.0000000000E+00              3.0856775811E+14              5.7147523411E+12              2.2696848416E+02   1
    1    4    4              2.6629087932E+14              0.0000000000E+00              1.3568197998E+14              0.0000000000E+00              6.8779939986E+01              0.0000000000E+00              3.0856775811E+14              5.7147523411E+12              2.2696848416E+02   1
    1    5    1              9.5237830407E+12              0.0000000000E+00              1.5084190467E+12              0.0000000000E+00              3.9056893451E+02              0.0000000000E+00              3.0856775811E+14              5.7147523411E+12              2.2696848416E+02   1
    1    5    2              1.0476161345E+14              0.0000000000E+00              1.6592609513E+13              0.0000000000E+00              3.1796396275E+02              0.0000000000E+00              3.0856775811E+14              5.7147523411E+12              2.2696848416E+02   1
    1    5    3              1.9999944385E+14              0.0000000000E+00              3.1676799980E+13              0.0000000000E+00              2.2907033791E+02              0.0000000000E+00              3.0856775811E+14              5.7147523411E+12              2.2696848416E+02   1
    1    5    4              2.9523727426E+14              0.0000000000E+00              4.6760990447E+13              0.0000000000E+00              6.8774927031E+01              0.0000000000E+00              3.0856775811E+14              5.7147523411E+12              2.2696848416E+02   1
    2    1    1              2.0403684181E+14              0.0000000000E+00              1.2882379191E+15              0.0000000000E+00              5.0757481985E+02              0.0000000000E+00              1.9469309325E+15              1.5416556107E+13              5.1943759317E+02   0
    2    1    2              2.3584293435E+14              0.0000000000E+00              1.4890536840E+15              0.0000000000E+00              4.1510970208E+02              0.0000000000E+00              1.9469309325E+15              1.5416556107E+13              5.1943759317E+02   0
    2    1    3              2.6764902688E+14              0.0000000000E+00              1.6898694489E+15              0.0000000000E+00              2.9856913352E+02              0.0000000000E+00              1.9469309325E+15              1.5416556107E+13              5.1943759317E+02   0
    2    1    4              2.9945511941E+14              0.0000000000E+00              1.8906852138E+15              0.0000000000E+00              8.9476264185E+01              0.0000000000E+00              1.9469309325E+15              1.5416556107E+13              5.1943759317E+02   0
    2    2    1              5.9272683135E+14              0.0000000000E+00              1.1632919061E+15              0.0000000000E+00              5.0746671943E+02              0.0000000000E+00              1.9469309325E+15              1.5416556107E+13              5.1943759317E+02   0
    2    2    2              6.8517193167E+14              0.0000000000E+00              1.3447256312E+15              0.0000000000E+00              4.1500087690E+02              0.0000000000E+00              1.9469309325E+15              1.5416556107E+13              5.1943759317E+02   0
    2    2    3              7.7761703200E+14              0.0000000000E+00              1.5261593563E+15              0.0000000000E+00              2.9847739143E+02              0.0000000000E+00              1.9469309325E+15              1.5416556107E+13              5.1943759317E+02   0
    2    2    4              8.7006213232E+14              0.0000000000E+00              1.7075930813E+15              0.0000000000E+00              8.9441011655E+01              0.0000000000E+00              1.9469309325E+15              1.5416556107E+13              5.1943759317E+02   0
    2    3    1              9.1819765867E+14              0.0000000000E+00              9.1819765867E+14              0.0000000000E+00              5.1110853013E+02              0.0000000000E+00              1.9469309325E+15              1.5416556107E+13              5.1943759317E+02   0
    2    3    2              1.0646370014E+15              0.0000000000E+00              1.0646370014E+15              0.0000000000E+00              4.1790327204E+02              0.0000000000E+00              1.9469309325E+15              1.5416556107E+13              5.1943759317E+02   0
    2    3    3              1.2110763441E+15              0.0000000000E+00              1.2110763441E+15              0.0000000000E+00              3.0051476578E+02              0.0000000000E+00              1.9469309325E+15              1.5416556107E+13              5.1943759317E+02   0
    2    3    4              1.3575156869E+15              0.0000000000E+00              1.3575156869E+15              0.0000000000E+00              9.0039520557E+01              0.0000000000E+00              1.9469309325E+15              1.5416556107E+13              5.1943759317E+02   0
    2    4    1              1.1542395113E+15              0.0000000000E+00              5.8811440582E+14              0.0000000000E+00              5.1308137170E+02              0.0000000000E+00              1.9469309325E+15              1.5416556107E+13              5.1943759317E+02   0
    2    4    2              1.3407293526E+15              0.0000000000E+00              6.8313572606E+14              0.0000000000E+00              4.1945579681E+02              0.0000000000E+00              1.9469309325E+15              1.5416556107E+13              5.1943759317E+02   0
    2    4    3              1.5272191940E+15              0.0000000000E+00              7.7815704629E+14              0.0000000000E+00              3.0159130626E+02              0.0000000000E+00              1.9469309325E+15              1.5416556107E+13              5.1943759317E+02   0
    2    4    4              1.7137090353E+15              0.0000000000E+00              8.7317836652E+14              0.0000000000E+00              9.0351289033E+01              0.0000000000E+00              1.9469309325E+15              1.5416556107E+13              5.1943759317E+02   0
    2    5    1              1.2795566908E+15              0.0000000000E+00              2.0266187034E+14              0.0000000000E+00              5.1347937634E+02              0.0000000000E+00              1.9469309325E+15              1.5416556107E+13              5.1943759317E+02   0
    2    5    2              1.4870056343E+15              0.0000000000E+00              2.3551855515E+14              0.0000000000E+00              4.1975172065E+02              0.0000000000E+00              1.9469309325E+15              1.5416556107E+13              5.1943759317E+02   0
    2    5    3              1.6944545779E+15              0.0000000000E+00              2.6837523997E+14              0.0000000000E+00              3.0178458802E+02              0.0000000000E+00              1.9469309325E+15              1.5416556107E+13              5.1943759317E+02   0
    2    5    4              1.9019035214E+15              0.0000000000E+00              3.0123192478E+14              0.0000000000E+00              9.0402072203E+01              0.0000000000E+00              1.9469309325E+15              1.5416556107E+13              5.1943759317E+02   0
    3    1    1              1.1970078339E+15              0.0000000000E+00              7.5576100243E+15              0.0000000000E+00              8.4620415129E+02              0.0000000000E+00              1.2284303711E+16              5.4130905979E+13              8.7081308785E+02   0
    3    1    2              1.4262477508E+15              0.0000000000E+00              9.0049738967E+15              0.0000000000E+00              6.6989206664E+02              0.0000000000E+00              1.2284303711E+16              5.4130905979E+13              8.7081308785E+02   0
    3    1    3              1.6554876676E+15              0.0000000000E+00              1.0452337769E+16              0.0000000000E+00              4.6809967443E+02              0.0000000000E+00              1.2284303711E+16              5.4130905979E+13              8.7081308785E+02   0
    3    1    4              1.8847275845E+15              0.0000000000E+00              1.1899701642E+16              0.0000000000E+00              1.3669588521E+02              0.0000000000E+00              1.2284303711E+16              5.4130905979E+13              8.7081308785E+02   0
    3    2    1              3.4741492939E+15              0.0000000000E+00              6.8184019019E+15              0.0000000000E+00              8.4741273758E+02              0.0000000000E+00              1.2284303711E+16              5.4130905979E+13              8.7081308785E+02   0
    3    2    2              4.1416300231E+15              0.0000000000E+00              8.1284065933E+15              0.0000000000E+00              6.7068449593E+02              0.0000000000E+00              1.2284303711E+16              5.4130905979E+13              8.7081308785E+02   0
    3    2    3              4.8091107524E+15              0.0000000000E+00              9.4384112847E+15              0.0000000000E+00              4.6855364137E+02              0.0000000000E+00              1.2284303711E+16              5.4130905979E+13              8.7081308785E+02   0
    3    2    4              5.4765914816E+15              0.0000000000E+00              1.0748415976E+16              0.0000000000E+00              1.3680469118E+02              0.0000000000E+00              1.2284303711E+16              5.4130905979E+13              8.7081308785E+02   0
    3    3    1              5.4129876494E+15              0.0000000000E+00              5.4129876494E+15              0.0000000000E+00              8.4927139164E+02              0.0000000000E+00              1.2284303711E+16              5.4130905979E+13              8.7081308785E+02   0
    3    3    2              6.4580106635E+15              0.0000000000E+00              6.4580106635E+15              0.0000000000E+00              6.7188579548E+02              0.0000000000E+00              1.2284303711E+16              5.4130905979E+13              8.7081308785E+02   0
    3    3    3              7.5030336777E+15              0.0000000000E+00              7.5030336777E+15              0.0000000000E+00              4.6922460335E+02              0.0000000000E+00              1.2284303711E+16              5.4130905979E+13              8.7081308785E+02   0
    3    3    4              8.5480566919E+15              0.0000000000E+00              8.5480566919E+15              0.0000000000E+00              1.3696226075E+02              0.0000000000E+00              1.2284303711E+16              5.4130905979E+13              8.7081308785E+02   0
    3    4    1              6.8166466973E+15              0.0000000000E+00              3.4732549725E+15              0.0000000000E+00              8.5209825866E+02              0.0000000000E+00              1.2284303711E+16              5.4130905979E+13              8.7081308785E+02   0
    3    4    2              8.1427060628E+15              0.0000000000E+00              4.1489159667E+15              0.0000000000E+00              6.7377873787E+02              0.0000000000E+00              1.2284303711E+16              5.4130905979E+13              8.7081308785E+02   0
    3    4    3              9.4687654282E+15              0.0000000000E+00              4.8245769610E+15              0.0000000000E+00              4.7032797576E+02              0.0000000000E+00              1.2284303711E+16              5.4130905979E+13              8.7081308785E+02   0
    3    4    4              1.0794824794E+16              0.0000000000E+00              5.5002379552E+15              0.0000000000E+00              1.3723263188E+02              0.0000000000E+00              1.2284303711E+16              5.4130905979E+13              8.7081308785E+02   0
    3    5    1              7.5573900320E+15              0.0000000000E+00              1.1969729905E+15              0.0000000000E+00              8.5345244920E+02              0.0000000000E+00              1.2284303711E+16              5.4130905979E+13              8.7081308785E+02   0
    3    5    2              9.0326392367E+15              0.0000000000E+00              1.4306295102E+15              0.0000000000E+00              6.7465675689E+02              0.0000000000E+00              1.2284303711E+16              5.4130905979E+13              8.7081308785E+02   0
    3    5    3              1.0507888441E+16              0.0000000000E+00              1.6642860298E+15              0.0000000000E+00              4.7081211671E+02              0.0000000000E+00              1.2284303711E+16              5.4130905979E+13              8.7081308785E+02   0
    3    5    4              1.1983137646E+16              0.0000000000E+00              1.8979425494E+15              0.0000000000E+00              1.3734218377E+02              0.0000000000E+00              1.2284303711E+16              5.4130905979E+13              8.7081308785E+02   0
    4    1    1              7.0571268627E+15              0.0000000000E+00              4.4556945419E+16              0.0000000000E+00              7.4782766384E+02              0.0000000000E+00              7.7508716480E+16              3.5996929226E+14              7.7305218367E+02   0
    4    1    2              8.6303270185E+15              0.0000000000E+00              5.4489740285E+16              0.0000000000E+00              5.7405134617E+02              0.0000000000E+00              7.7508716480E+16              3.5996929226E+14              7.7305218367E+02   0
    4    1    3              1.0203527174E+16              0.0000000000E+00              6.4422535152E+16              0.0000000000E+00              3.9124651467E+02              0.0000000000E+00              7.7508716480E+16              3.5996929226E+14              7.7305218367E+02   0
    4    1    4              1.1776727330E+16              0.0000000000E+00              7.4355330018E+16              0.0000000000E+00              1.1190128278E+02              0.0000000000E+00              7.7508716480E+16              3.5996929226E+14              7.7305218367E+02   0
    4    2    1              2.0495737439E+16              0.0000000000E+00              4.0225149616E+16              0.0000000000E+00              7.4887668720E+02              0.0000000000E+00              7.7508716480E+16              3.5996929226E+14              7.7305218367E+02   0
    4    2    2              2.5079432018E+16              0.0000000000E+00              4.9221156751E+16              0.0000000000E+00              5.7479317811E+02              0.0000000000E+00              7.7508716480E+16              3.5996929226E+14              7.7305218367E+02   0
    4    2    3              2.9663126597E+16              0.0000000000E+00              5.8217163886E+16              0.0000000000E+00              3.9170601046E+02              0.0000000000E+00              7.7508716480E+16              3.5996929226E+14              7.7305218367E+02   0
    4    2    4              3.4246821177E+16              0.0000000000E+00              6.7213171022E+16              0.0000000000E+00              1.1201849037E+02              0.0000000000E+00              7.7508716480E+16              3.5996929226E+14              7.7305218367E+02   0
    4    3    1              3.1958949448E+16              0.0000000000E+00              3.1958949448E+16              0.0000000000E+00              7.5098772753E+02              0.0000000000E+00              7.7508716480E+16              3.5996929226E+14              7.7305218367E+02   0
    4    3    2              3.9154840038E+16              0.0000000000E+00              3.9154840038E+16              0.0000000000E+00              5.7632188960E+02              0.0000000000E+00              7.7508716480E+16              3.5996929226E+14              7.7305218367E+02   0
    4    3    3              4.6350730629E+16              0.0000000000E+00              4.6350730629E+16              0.0000000000E+00              3.9268983283E+02              0.0000000000E+00              7.7508716480E+16              3.5996929226E+14              7.7305218367E+02   0
    4    3    4              5.3546621219E+16              0.0000000000E+00              5.3546621219E+16              0.0000000000E+00              1.1227819982E+02              0.0000000000E+00              7.7508716480E+16              3.5996929226E+14              7.7305218367E+02   0
    4    4    1              4.0341610544E+16              0.0000000000E+00              2.0555077246E+16              0.0000000000E+00              7.5317260449E+02              0.0000000000E+00              7.7508716480E+16              3.5996929226E+14              7.7305218367E+02   0
    4    4    2              4.9498430484E+16              0.0000000000E+00              2.5220710042E+16              0.0000000000E+00              5.7796242675E+02              0.0000000000E+00              7.7508716480E+16              3.5996929226E+14              7.7305218367E+02   0
    4    4    3              5.8655250425E+16              0.0000000000E+00              2.9886342838E+16              0.0000000000E+00              3.9382162060E+02              0.0000000000E+00              7.7508716480E+16              3.5996929226E+14              7.7305218367E+02   0
    4    4    4              6.7812070365E+16              0.0000000000E+00              3.4551975634E+16              0.0000000000E+00              1.1259917287E+02              0.0000000000E+00              7.7508716480E+16              3.5996929226E+14              7.7305218367E+02   0
    4    5    1              4.4767354214E+16              0.0000000000E+00              7.0904523420E+15              0.0000000000E+00              7.5490231986E+02              0.0000000000E+00              7.7508716480E+16              3.5996929226E+14              7.7305218367E+02   0
    4    5    2              5.5005095254E+16              0.0000000000E+00              8.7119512268E+15              0.0000000000E+00              5.7921859518E+02              0.0000000000E+00              7.7508716480E+16              3.5996929226E+14              7.7305218367E+02   0
    4    5    3              6.5242836293E+16              0.0000000000E+00              1.0333450111E+16              0.0000000000E+00              3.9470715644E+02              0.0000000000E+00              7.7508716480E+16              3.5996929226E+14              7.7305218367E+02   0
    4    5    4              7.5480577333E+16              0.0000000000E+00              1.1954948996E+16              0.0000000000E+00              1.1286531469E+02              0.0000000000E+00              7.7508716480E+16              3.5996929226E+14              7.7305218367E+02   0
    5    1    1              4.2400262189E+16              0.0000000000E+00              2.6770471962E+17              0.0000000000E+00              4.6647582703E+02              0.0000000000E+00              4.8904693924E+17              3.4195017408E+15              4.8560809953E+02   0
    5    1    2              5.3272188592E+16              0.0000000000E+00              3.3634736141E+17              0.0000000000E+00              3.4902196854E+02              0.0000000000E+00              4.8904693924E+17              3.4195017408E+15              4.8560809953E+02   0
    5    1    3              6.4144114995E+16              0.0000000000E+00              4.0499000321E+17              0.0000000000E+00              2.3339316702E+02              0.0000000000E+00              4.8904693924E+17              3.4195017408E+15              4.8560809953E+02   0
    5    1    4              7.5016041398E+16              0.0000000000E+00              4.7363264500E+17              0.0000000000E+00              6.5768566854E+01              0.0000000000E+00              4.8904693924E+17              3.4195017408E+15              4.8560809953E+02   0
    5    2    1              1.2291549757E+17              0.0000000000E+00              2.4123524682E+17              0.0000000000E+00              4.6781187109E+02              0.0000000000E+00              4.8904693924E+17              3.4195017408E+15              4.8560809953E+02   0
    5    2    2              1.5456233846E+17              0.0000000000E+00              3.0334566921E+17              0.0000000000E+00              3.4985774631E+02              0.0000000000E+00              4.8904693924E+17              3.4195017408E+15              4.8560809953E+02   0
    5    2    3              1.8620917935E+17              0.0000000000E+00              3.6545609161E+17              0.0000000000E+00              2.3387031578E+02              0.0000000000E+00              4.8904693924E+17              3.4195017408E+15              4.8560809953E+02   0
    5    2    4              2.1785602023E+17              0.0000000000E+00              4.2756651400E+17              0.0000000000E+00              6.5885291783E+01              0.0000000000E+00              4.8904693924E+17              3.4195017408E+15              4.8560809953E+02   0
    5    3    1              1.9167763855E+17              0.0000000000E+00              1.9167763855E+17              0.0000000000E+00              4.6883144712E+02              0.0000000000E+00              4.8904693924E+17              3.4195017408E+15              4.8560809953E+02   0
    5    3    2              2.4104254142E+17              0.0000000000E+00              2.4104254142E+17              0.0000000000E+00              3.5051127765E+02              0.0000000000E+00              4.8904693924E+17              3.4195017408E+15              4.8560809953E+02   0
    5    3    3              2.9040744430E+17              0.0000000000E+00              2.9040744430E+17              0.0000000000E+00              2.3423792364E+02              0.0000000000E+00              4.8904693924E+17              3.4195017408E+15              4.8560809953E+02   0
    5    3    4              3.3977234717E+17              0.0000000000E+00              3.3977234717E+17              0.0000000000E+00              6.5973149020E+01              0.0000000000E+00              4.8904693924E+17              3.4195017408E+15              4.8560809953E+02   0
    5    4    1              2.4161515633E+17              0.0000000000E+00              1.2310907113E+17              0.0000000000E+00              4.7093036448E+02              0.0000000000E+00              4.8904693924E+17              3.4195017408E+15              4.8560809953E+02   0
    5    4    2              3.0402203176E+17              0.0000000000E+00              1.5490696239E+17              0.0000000000E+00              3.5186598388E+02              0.0000000000E+00              4.8904693924E+17              3.4195017408E+15              4.8560809953E+02   0
    5    4    3              3.6642890719E+17              0.0000000000E+00              1.8670485364E+17              0.0000000000E+00              2.3498618514E+02              0.0000000000E+00              4.8904693924E+17              3.4195017408E+15              4.8560809953E+02   0
    5    4    4              4.2883578262E+17              0.0000000000E+00              2.1850274490E+17              0.0000000000E+00              6.6148538191E+01              0.0000000000E+00              4.8904693924E+17              3.4195017408E+15              4.8560809953E+02   0
    5    5    1              2.6796325098E+17              0.0000000000E+00              4.2441209534E+16              0.0000000000E+00              4.7272362366E+02              0.0000000000E+00              4.8904693924E+17              3.4195017408E+15              4.8560809953E+02   0
    5    5    2              3.3730545995E+17              0.0000000000E+00              5.3423936492E+16              0.0000000000E+00              3.5311428505E+02              0.0000000000E+00              4.8904693924E+17              3.4195017408E+15              4.8560809953E+02   0
    5    5    3              4.0664766892E+17              0.0000000000E+00              6.4406663451E+16              0.0000000000E+00              2.3567816940E+02              0.0000000000E+00              4.8904693924E+17              3.4195017408E+15              4.8560809953E+02   0
    5    5    4              4.7598987789E+17              0.0000000000E+00              7.5389390409E+16              0.0000000000E+00              6.6304753679E+01              0.0000000000E+00              4.8904693924E+17              3.4195017408E+15              4.8560809953E+02   0
    6    1    1              2.6106375932E+17              0.0000000000E+00              1.6482917059E+18              0.0000000000E+00              2.3518332001E+02              0.0000000000E+00              3.0856775811E+18              4.2124137803E+16              2.4206229750E+02   0
    6    1    2              3.3254697580E+17              0.0000000000E+00              2.0996189722E+18              0.0000000000E+00              1.7368164829E+02              0.0000000000E+00              3.0856775811E+18              4.2124137803E+16              2.4206229750E+02   0
    6    1    3              4.0403019228E+17              0.0000000000E+00              2.5509462385E+18              0.0000000000E+00              1.1510664936E+02              0.0000000000E+00              3.0856775811E+18              4.2124137803E+16              2.4206229750E+02   0
    6    1    4              4.7551340876E+17              0.0000000000E+00              3.0022735048E+18              0.0000000000E+00              3.2223493309E+01              0.0000000000E+00              3.0856775811E+18              4.2124137803E+16              2.4206229750E+02   0
    6    2    1              7.5755768888E+17              0.0000000000E+00              1.4867906787E+18              0.0000000000E+00              2.3522414518E+02              0.0000000000E+00              3.0856775811E+18              4.2124137803E+16              2.4206229750E+02   0
    6    2    2              9.6504319040E+17              0.0000000000E+00              1.8940039037E+18              0.0000000000E+00              1.7370474981E+02              0.0000000000E+00              3.0856775811E+18              4.2124137803E+16              2.4206229750E+02   0
    6    2    3              1.1725286919E+18              0.0000000000E+00              2.3012171287E+18              0.0000000000E+00              1.1511909319E+02              0.0000000000E+00              3.0856775811E+18              4.2124137803E+16              2.4206229750E+02   0
    6    2    4              1.3800141934E+18              0.0000000000E+00              2.7084303538E+18              0.0000000000E+00              3.2226476487E+01              0.0000000000E+00              3.0856775811E+18              4.2124137803E+16              2.4206229750E+02   0
    6    3    1              1.1799256504E+18              0.0000000000E+00              1.1799256504E+18              0.0000000000E+00              2.3524926024E+02              0.0000000000E+00              3.0856775811E+18              4.2124137803E+16              2.4206229750E+02   0
    6    3    2              1.5031107668E+18              0.0000000000E+00              1.5031107668E+18              0.0000000000E+00              1.7371782211E+02              0.0000000000E+00              3.0856775811E+18              4.2124137803E+16              2.4206229750E+02   0
    6    3    3              1.8262958832E+18              0.0000000000E+00              1.8262958832E+18              0.0000000000E+00              1.1512572795E+02              0.0000000000E+00              3.0856775811E+18              4.2124137803E+16              2.4206229750E+02   0
    6    3    4              2.1494809996E+18              0.0000000000E+00              2.1494809996E+18              0.0000000000E+00              3.2228046384E+01              0.0000000000E+00              3.0856775811E+18              4.2124137803E+16              2.4206229750E+02   0
    6    4    1              1.4866989230E+18              0.0000000000E+00              7.5751093703E+17              0.0000000000E+00              2.3529072538E+02              0.0000000000E+00              3.0856775811E+18              4.2124137803E+16              2.4206229750E+02   0
    6    4    2              1.8939911850E+18              0.0000000000E+00              9.6503670986E+17              0.0000000000E+00              1.7374040849E+02              0.0000000000E+00              3.0856775811E+18              4.2124137803E+16              2.4206229750E+02   0
    6    4    3              2.3012834469E+18              0.0000000000E+00              1.1725624827E+18              0.0000000000E+00              1.1513756253E+02              0.0000000000E+00              3.0856775811E+18              4.2124137803E+16              2.4206229750E+02   0
    6    4    4              2.7085757088E+18              0.0000000000E+00              1.3800882555E+18              0.0000000000E+00              3.2230647304E+01              0.0000000000E+00              3.0856775811E+18              4.2124137803E+16              2.4206229750E+02   0
    6    5    1              1.6480200974E+18              0.0000000000E+00              2.6102074077E+17              0.0000000000E+00              2.3530687548E+02              0.0000000000E+00              3.0856775811E+18              4.2124137803E+16              2.4206229750E+02   0
    6    5    2              2.0995235069E+18              0.0000000000E+00              3.3253185559E+17              0.0000000000E+00              1.7374871528E+02              0.0000000000E+00              3.0856775811E+18              4.2124137803E+16              2.4206229750E+02   0
    6    5    3              2.5510269165E+18              0.0000000000E+00              4.0404297042E+17              0.0000000000E+00              1.1514175683E+02              0.0000000000E+00              3.0856775811E+18              4.2124137803E+16              2.4206229750E+02   0
    6    5    4              3.0025303260E+18              0.0000000000E+00              4.7555408524E+17              0.0000000000E+00              3.2231652232E+01              0.0000000000E+00              3.0856775811E+18              4.2124137803E+16              2.4206229750E+02   0
