           6           5           4
    1    1    1              1.5069388085E+12              0.0000000000E+00              9.5144371849E+12              0.0000000000E+00              3.9064595517E+02              0.0000000000E+00              3.0856775811E+14              5.7034571196E+12              2.2665461922E+02   1
    1    1    2              1.6576326894E+13              0.0000000000E+00              1.0465880903E+14              0.0000000000E+00              3.1809423091E+02              0.0000000000E+00              3.0856775811E+14              5.7034571196E+12              2.2665461922E+02   1
    1    1    3              3.1645714979E+13              0.0000000000E+00              1.9980318088E+14              0.0000000000E+00              2.2921352491E+02              0.0000000000E+00              3.0856775811E+14              5.7034571196E+12              2.2665461922E+02   1
    1    1    4              4.6715103065E+13              0.0000000000E+00              2.9494755273E+14              0.0000000000E+00              6.8830125423E+01              0.0000000000E+00              3.0856775811E+14              5.7034571196E+12              2.2665461922E+02   1
    1    2    1              4.3741076709E+12              0.0000000000E+00              8.5846696670E+12              0.0000000000E+00              3.9064442858E+02              0.0000000000E+00              3.0856775811E+14              5.7034571196E+12              2.2665461922E+02   1
    1    2    2              4.8115184379E+13              0.0000000000E+00              9.4431366337E+13              0.0000000000E+00              3.1808396343E+02              0.0000000000E+00              3.0856775811E+14              5.7034571196E+12              2.2665461922E+02   1
    1    2    3              9.1856261088E+13              0.0000000000E+00              1.8027806301E+14              0.0000000000E+00              2.2919983605E+02              0.0000000000E+00              3.0856775811E+14              5.7034571196E+12              2.2665461922E+02   1
    1    2    4              1.3559733780E+14              0.0000000000E+00              2.6612475968E+14              0.0000000000E+00              6.8828247374E+01              0.0000000000E+00              3.0856775811E+14              5.7034571196E+12              2.2665461922E+02   1
    1    3    1              6.8149304137E+12              0.0000000000E+00              6.8149304137E+12              0.0000000000E+00              3.9064185910E+02              0.0000000000E+00              3.0856775811E+14              5.7034571196E+12              2.2665461922E+02   1
    1    3    2              7.4964234551E+13              0.0000000000E+00              7.4964234551E+13              0.0000000000E+00              3.1806636572E+02              0.0000000000E+00              3.0856775811E+14              5.7034571196E+12              2.2665461922E+02   1
    1    3    3              1.4311353869E+14              0.0000000000E+00              1.4311353869E+14              0.0000000000E+00              2.2917515258E+02              0.0000000000E+00              3.0856775811E+14              5.7034571196E+12              2.2665461922E+02   1
    1    3    4              2.1126284283E+14              0.0000000000E+00              2.1126284283E+14              0.0000000000E+00              6.8813099644E+01              0.0000000000E+00              3.0856775811E+14              5.7034571196E+12              2.2665461922E+02   1
    1    4    1              8.5898854665E+12              0.0000000000E+00              4.3767652534E+12              0.0000000000E+00              3.9063936091E+02              0.0000000000E+00              3.0856775811E+14              5.7034571196E+12              2.2665461922E+02   1
    1    4    2              9.4488740131E+13              0.0000000000E+00              4.8144417788E+13              0.0000000000E+00              3.1804948515E+02              0.0000000000E+00              3.0856775811E+14              5.7034571196E+12              2.2665461922E+02   1
    1    4    3              1.8038759480E+14              0.0000000000E+00              9.1912070322E+13              0.0000000000E+00              2.2915236099E+02              0.0000000000E+00              3.0856775811E+14              5.7034571196E+12              2.2665461922E+02   1
    1    4    4              2.6628644946E+14              0.0000000000E+00              1.3567972286E+14              0.0000000000E+00              6.8807279260E+01              0.0000000000E+00              3.0856775811E+14              5.7034571196E+12              2.2665461922E+02   1
    1    5    1              9.5237830407E+12              0.0000000000E+00              1.5084190467E+12              0.0000000000E+00              3.9063776379E+02              0.0000000000E+00              3.0856775811E+14              5.7034571196E+12              2.2665461922E+02   1
    1    5    2              1.0476161345E+14              0.0000000000E+00              1.6592609513E+13              0.0000000000E+00              3.1803852645E+02              0.0000000000E+00              3.0856775811E+14              5.7034571196E+12              2.2665461922E+02   1
    1    5    3              1.9999944385E+14              0.0000000000E+00              3.1676799980E+13              0.0000000000E+00              2.2913692358E+02              0.0000000000E+00              3.0856775811E+14              5.7034571196E+12              2.2665461922E+02   1
    1    5    4              2.9523727426E+14              0.0000000000E+00              4.6760990447E+13              0.0000000000E+00              6.8797239861E+01              0.0000000000E+00              3.0856775811E+14              5.7034571196E+12              2.2665461922E+02   1
    2    1    1              9.4534486080E+12              0.0000000000E+00              5.9686725467E+13              0.0000000000E+00              9.1555708586E+02              0.0000000000E+00              1.9469309325E+15              1.5348403787E+13              5.1922008472E+02   0
    2    1    2              1.0398793469E+14              0.0000000000E+00              6.5655398014E+14              0.0000000000E+00              7.3707321094E+02              0.0000000000E+00              1.9469309325E+15              1.5348403787E+13              5.1922008472E+02   0
    2    1    3              1.9852242077E+14              0.0000000000E+00              1.2534212348E+15              0.0000000000E+00              5.2306921612E+02              0.0000000000E+00              1.9469309325E+15              1.5348403787E+13              5.1922008472E+02   0
    2    1    4              2.9305690685E+14              0.0000000000E+00              1.8502884895E+15              0.0000000000E+00              1.5486774111E+02              0.0000000000E+00              1.9469309325E+15              1.5348403787E+13              5.1922008472E+02   0
    2    2    1              2.7468972236E+13              0.0000000000E+00              5.3910893485E+13              0.0000000000E+00              9.1553646206E+02              0.0000000000E+00              1.9469309325E+15              1.5348403787E+13              5.1922008472E+02   0
    2    2    2              3.0215869459E+14              0.0000000000E+00              5.9301982834E+14              0.0000000000E+00              7.3690160296E+02              0.0000000000E+00              1.9469309325E+15              1.5348403787E+13              5.1922008472E+02   0
    2    2    3              5.7684841695E+14              0.0000000000E+00              1.1321287632E+15              0.0000000000E+00              5.2285488745E+02              0.0000000000E+00              1.9469309325E+15              1.5348403787E+13              5.1922008472E+02   0
    2    2    4              8.5153813931E+14              0.0000000000E+00              1.6712376980E+15              0.0000000000E+00              1.5478545854E+02              0.0000000000E+00              1.9469309325E+15              1.5348403787E+13              5.1922008472E+02   0
    2    3    1              4.2870730900E+13              0.0000000000E+00              4.2870730900E+13              0.0000000000E+00              9.1550264698E+02              0.0000000000E+00              1.9469309325E+15              1.5348403787E+13              5.1922008472E+02   0
    2    3    2              4.7157803990E+14              0.0000000000E+00              4.7157803990E+14              0.0000000000E+00              7.3661940808E+02              0.0000000000E+00              1.9469309325E+15              1.5348403787E+13              5.1922008472E+02   0
    2    3    3              9.0028534890E+14              0.0000000000E+00              9.0028534890E+14              0.0000000000E+00              5.2250069952E+02              0.0000000000E+00              1.9469309325E+15              1.5348403787E+13              5.1922008472E+02   0
    2    3    4              1.3289926579E+15              0.0000000000E+00              1.3289926579E+15              0.0000000000E+00              1.5464551959E+02              0.0000000000E+00              1.9469309325E+15              1.5348403787E+13              5.1922008472E+02   0
    2    4    1              5.4131341850E+13              0.0000000000E+00              2.7581296288E+13              0.0000000000E+00              9.1546830365E+02              0.0000000000E+00              1.9469309325E+15              1.5348403787E+13              5.1922008472E+02   0
    2    4    2              5.9544476035E+14              0.0000000000E+00              3.0339425917E+14              0.0000000000E+00              7.3633190940E+02              0.0000000000E+00              1.9469309325E+15              1.5348403787E+13              5.1922008472E+02   0
    2    4    3              1.1367581789E+15              0.0000000000E+00              5.7920722205E+14              0.0000000000E+00              5.2213820266E+02              0.0000000000E+00              1.9469309325E+15              1.5348403787E+13              5.1922008472E+02   0
    2    4    4              1.6780715974E+15              0.0000000000E+00              8.5502018492E+14              0.0000000000E+00              1.5450200404E+02              0.0000000000E+00              1.9469309325E+15              1.5348403787E+13              5.1922008472E+02   0
    2    5    1              6.0082138326E+13              0.0000000000E+00              9.5160758523E+12              0.0000000000E+00              9.1544679896E+02              0.0000000000E+00              1.9469309325E+15              1.5348403787E+13              5.1922008472E+02   0
    2    5    2              6.6090352159E+14              0.0000000000E+00              1.0467683438E+14              0.0000000000E+00              7.3615140018E+02              0.0000000000E+00              1.9469309325E+15              1.5348403787E+13              5.1922008472E+02   0
    2    5    3              1.2617249049E+15              0.0000000000E+00              1.9983759290E+14              0.0000000000E+00              5.2190964064E+02              0.0000000000E+00              1.9469309325E+15              1.5348403787E+13              5.1922008472E+02   0
    2    5    4              1.8625462881E+15              0.0000000000E+00              2.9499835142E+14              0.0000000000E+00              1.5441029922E+02              0.0000000000E+00              1.9469309325E+15              1.5348403787E+13              5.1922008472E+02   0
    3    1    1              5.9550250828E+13              0.0000000000E+00              3.7598548637E+14              0.0000000000E+00              1.7437623607E+03              0.0000000000E+00              1.2284303711E+16              5.3673679548E+13              8.7350847973E+02   0
    3    1    2              6.5505275911E+14              0.0000000000E+00              4.1358403500E+15              0.0000000000E+00              1.2558733696E+03              0.0000000000E+00              1.2284303711E+16              5.3673679548E+13              8.7350847973E+02   0
    3    1    3              1.2505552674E+15              0.0000000000E+00              7.8956952137E+15              0.0000000000E+00              8.0765507471E+02              0.0000000000E+00              1.2284303711E+16              5.3673679548E+13              8.7350847973E+02   0
    3    1    4              1.8460577757E+15              0.0000000000E+00              1.1655550077E+16              0.0000000000E+00              2.2227382045E+02              0.0000000000E+00              1.2284303711E+16              5.3673679548E+13              8.7350847973E+02   0
    3    2    1              1.7307609562E+14              0.0000000000E+00              3.3968096352E+14              0.0000000000E+00              1.7436966975E+03              0.0000000000E+00              1.2284303711E+16              5.3673679548E+13              8.7350847973E+02   0
    3    2    2              1.9038370519E+15              0.0000000000E+00              3.7364905988E+15              0.0000000000E+00              1.2561117553E+03              0.0000000000E+00              1.2284303711E+16              5.3673679548E+13              8.7350847973E+02   0
    3    2    3              3.6345980081E+15              0.0000000000E+00              7.1333002340E+15              0.0000000000E+00              8.0770209611E+02              0.0000000000E+00              1.2284303711E+16              5.3673679548E+13              8.7350847973E+02   0
    3    2    4              5.3653589644E+15              0.0000000000E+00              1.0530109869E+16              0.0000000000E+00              2.2220718121E+02              0.0000000000E+00              1.2284303711E+16              5.3673679548E+13              8.7350847973E+02   0
    3    3    1              2.7023826217E+14              0.0000000000E+00              2.7023826217E+14              0.0000000000E+00              1.7435858111E+03              0.0000000000E+00              1.2284303711E+16              5.3673679548E+13              8.7350847973E+02   0
    3    3    2              2.9726208839E+15              0.0000000000E+00              2.9726208839E+15              0.0000000000E+00              1.2564988584E+03              0.0000000000E+00              1.2284303711E+16              5.3673679548E+13              8.7350847973E+02   0
    3    3    3              5.6750035056E+15              0.0000000000E+00              5.6750035056E+15              0.0000000000E+00              8.0779171727E+02              0.0000000000E+00              1.2284303711E+16              5.3673679548E+13              8.7350847973E+02   0
    3    3    4              8.3773861273E+15              0.0000000000E+00              8.3773861273E+15              0.0000000000E+00              2.2208706912E+02              0.0000000000E+00              1.2284303711E+16              5.3673679548E+13              8.7350847973E+02   0
    3    4    1              3.4139989910E+14              0.0000000000E+00              1.7395193705E+14              0.0000000000E+00              1.7434687925E+03              0.0000000000E+00              1.2284303711E+16              5.3673679548E+13              8.7350847973E+02   0
    3    4    2              3.7553988901E+15              0.0000000000E+00              1.9134713075E+15              0.0000000000E+00              1.2568872236E+03              0.0000000000E+00              1.2284303711E+16              5.3673679548E+13              8.7350847973E+02   0
    3    4    3              7.1693978811E+15              0.0000000000E+00              3.6529906780E+15              0.0000000000E+00              8.0790421057E+02              0.0000000000E+00              1.2284303711E+16              5.3673679548E+13              8.7350847973E+02   0
    3    4    4              1.0583396872E+16              0.0000000000E+00              5.3925100484E+15              0.0000000000E+00              2.2195630744E+02              0.0000000000E+00              1.2284303711E+16              5.3673679548E+13              8.7350847973E+02   0
    3    5    1              3.7907216937E+14              0.0000000000E+00              6.0039133389E+13              0.0000000000E+00              1.7433931117E+03              0.0000000000E+00              1.2284303711E+16              5.3673679548E+13              8.7350847973E+02   0
    3    5    2              4.1697938631E+15              0.0000000000E+00              6.6043046728E+14              0.0000000000E+00              1.2571268802E+03              0.0000000000E+00              1.2284303711E+16              5.3673679548E+13              8.7350847973E+02   0
    3    5    3              7.9605155568E+15              0.0000000000E+00              1.2608218012E+15              0.0000000000E+00              8.0798754003E+02              0.0000000000E+00              1.2284303711E+16              5.3673679548E+13              8.7350847973E+02   0
    3    5    4              1.1751237251E+16              0.0000000000E+00              1.8612131350E+15              0.0000000000E+00              2.2186838084E+02              0.0000000000E+00              1.2284303711E+16              5.3673679548E+13              8.7350847973E+02   0
    4    1    1              3.7138090430E+14              0.0000000000E+00              2.3448067470E+15              0.0000000000E+00              2.1522410822E+03              0.0000000000E+00              7.7508716480E+16              3.5152447325E+14              7.7948618051E+02   0
    4    1    2              4.0851899473E+15              0.0000000000E+00              2.5792874218E+16              0.0000000000E+00              1.1335423939E+03              0.0000000000E+00              7.7508716480E+16              3.5152447325E+14              7.7948618051E+02   0
    4    1    3              7.7989989903E+15              0.0000000000E+00              4.9240941688E+16              0.0000000000E+00              6.6641167195E+02              0.0000000000E+00              7.7508716480E+16              3.5152447325E+14              7.7948618051E+02   0
    4    1    4              1.1512808033E+16              0.0000000000E+00              7.2689009158E+16              0.0000000000E+00              1.7467129715E+02              0.0000000000E+00              7.7508716480E+16              3.5152447325E+14              7.7948618051E+02   0
    4    2    1              1.0805261646E+15              0.0000000000E+00              2.1206520022E+15              0.0000000000E+00              2.1520202267E+03              0.0000000000E+00              7.7508716480E+16              3.5152447325E+14              7.7948618051E+02   0
    4    2    2              1.1885787811E+16              0.0000000000E+00              2.3327172024E+16              0.0000000000E+00              1.1333222604E+03              0.0000000000E+00              7.7508716480E+16              3.5152447325E+14              7.7948618051E+02   0
    4    2    3              2.2691049457E+16              0.0000000000E+00              4.4533692046E+16              0.0000000000E+00              6.6649296251E+02              0.0000000000E+00              7.7508716480E+16              3.5152447325E+14              7.7948618051E+02   0
    4    2    4              3.3496311104E+16              0.0000000000E+00              6.5740212068E+16              0.0000000000E+00              1.7469763372E+02              0.0000000000E+00              7.7508716480E+16              3.5152447325E+14              7.7948618051E+02   0
    4    3    1              1.6911678344E+15              0.0000000000E+00              1.6911678344E+15              0.0000000000E+00              2.1515125673E+03              0.0000000000E+00              7.7508716480E+16              3.5152447325E+14              7.7948618051E+02   0
    4    3    2              1.8602846178E+16              0.0000000000E+00              1.8602846178E+16              0.0000000000E+00              1.1326813558E+03              0.0000000000E+00              7.7508716480E+16              3.5152447325E+14              7.7948618051E+02   0
    4    3    3              3.5514524522E+16              0.0000000000E+00              3.5514524522E+16              0.0000000000E+00              6.6657423517E+02              0.0000000000E+00              7.7508716480E+16              3.5152447325E+14              7.7948618051E+02   0
    4    3    4              5.2426202865E+16              0.0000000000E+00              5.2426202865E+16              0.0000000000E+00              1.7478285368E+02              0.0000000000E+00              7.7508716480E+16              3.5152447325E+14              7.7948618051E+02   0
    4    4    1              2.1447405829E+15              0.0000000000E+00              1.0927999096E+15              0.0000000000E+00              2.1506905209E+03              0.0000000000E+00              7.7508716480E+16              3.5152447325E+14              7.7948618051E+02   0
    4    4    2              2.3592146412E+16              0.0000000000E+00              1.2020799005E+16              0.0000000000E+00              1.1313443581E+03              0.0000000000E+00              7.7508716480E+16              3.5152447325E+14              7.7948618051E+02   0
    4    4    3              4.5039552241E+16              0.0000000000E+00              2.2948798101E+16              0.0000000000E+00              6.6633747127E+02              0.0000000000E+00              7.7508716480E+16              3.5152447325E+14              7.7948618051E+02   0
    4    4    4              6.6486958070E+16              0.0000000000E+00              3.3876797196E+16              0.0000000000E+00              1.7491302890E+02              0.0000000000E+00              7.7508716480E+16              3.5152447325E+14              7.7948618051E+02   0
    4    5    1              2.3902928356E+15              0.0000000000E+00              3.7858519298E+14              0.0000000000E+00              2.1498947487E+03              0.0000000000E+00              7.7508716480E+16              3.5152447325E+14              7.7948618051E+02   0
    4    5    2              2.6293221191E+16              0.0000000000E+00              4.1644371227E+15              0.0000000000E+00              1.1298067157E+03              0.0000000000E+00              7.7508716480E+16              3.5152447325E+14              7.7948618051E+02   0
    4    5    3              5.0196149547E+16              0.0000000000E+00              7.9502890525E+15              0.0000000000E+00              6.6570196611E+02              0.0000000000E+00              7.7508716480E+16              3.5152447325E+14              7.7948618051E+02   0
    4    5    4              7.4099077903E+16              0.0000000000E+00              1.1736140982E+16              0.0000000000E+00              1.7495959189E+02              0.0000000000E+00              7.7508716480E+16              3.5152447325E+14              7.7948618051E+02   0
    5    1    1              2.3769903030E+15              0.0000000000E+00              1.5007726126E+16              0.0000000000E+00              1.7867374371E+03              0.0000000000E+00              4.8904693924E+17              3.3605025731E+15              4.9067184960E+02   0
    5    1    2              2.6146893333E+16              0.0000000000E+00              1.6508498738E+17              0.0000000000E+00              6.9211052099E+02              0.0000000000E+00              4.8904693924E+17              3.3605025731E+15              4.9067184960E+02   0
    5    1    3              4.9916796363E+16              0.0000000000E+00              3.1516224864E+17              0.0000000000E+00              3.8492570966E+02              0.0000000000E+00              4.8904693924E+17              3.3605025731E+15              4.9067184960E+02   0
    5    1    4              7.3686699392E+16              0.0000000000E+00              4.6523950990E+17              0.0000000000E+00              9.8197173335E+01              0.0000000000E+00              4.8904693924E+17              3.3605025731E+15              4.9067184960E+02   0
    5    2    1              6.9036803233E+15              0.0000000000E+00              1.3549235529E+16              0.0000000000E+00              1.7871217875E+03              0.0000000000E+00              4.8904693924E+17              3.3605025731E+15              4.9067184960E+02   0
    5    2    2              7.5940483556E+16              0.0000000000E+00              1.4904159082E+17              0.0000000000E+00              6.9299650132E+02              0.0000000000E+00              4.8904693924E+17              3.3605025731E+15              4.9067184960E+02   0
    5    2    3              1.4497728679E+17              0.0000000000E+00              2.8453394611E+17              0.0000000000E+00              3.8533231037E+02              0.0000000000E+00              4.8904693924E+17              3.3605025731E+15              4.9067184960E+02   0
    5    2    4              2.1401409002E+17              0.0000000000E+00              4.2002630140E+17              0.0000000000E+00              9.8268017961E+01              0.0000000000E+00              4.8904693924E+17              3.3605025731E+15              4.9067184960E+02   0
    5    3    1              1.0768314956E+16              0.0000000000E+00              1.0768314956E+16              0.0000000000E+00              1.7877160100E+03              0.0000000000E+00              4.8904693924E+17              3.3605025731E+15              4.9067184960E+02   0
    5    3    2              1.1845146452E+17              0.0000000000E+00              1.1845146452E+17              0.0000000000E+00              6.9472954207E+02              0.0000000000E+00              4.8904693924E+17              3.3605025731E+15              4.9067184960E+02   0
    5    3    3              2.2613461408E+17              0.0000000000E+00              2.2613461408E+17              0.0000000000E+00              3.8621212796E+02              0.0000000000E+00              4.8904693924E+17              3.3605025731E+15              4.9067184960E+02   0
    5    3    4              3.3381776365E+17              0.0000000000E+00              3.3381776365E+17              0.0000000000E+00              9.8414004187E+01              0.0000000000E+00              4.8904693924E+17              3.3605025731E+15              4.9067184960E+02   0
    5    4    1              1.3593487411E+16              0.0000000000E+00              6.9262277831E+15              0.0000000000E+00              1.7882234714E+03              0.0000000000E+00              4.8904693924E+17              3.3605025731E+15              4.9067184960E+02   0
    5    4    2              1.4952836152E+17              0.0000000000E+00              7.6188505614E+16              0.0000000000E+00              6.9694798484E+02              0.0000000000E+00              4.8904693924E+17              3.3605025731E+15              4.9067184960E+02   0
    5    4    3              2.8546323562E+17              0.0000000000E+00              1.4545078344E+17              0.0000000000E+00              3.8763755714E+02              0.0000000000E+00              4.8904693924E+17              3.3605025731E+15              4.9067184960E+02   0
    5    4    4              4.2139810973E+17              0.0000000000E+00              2.1471306128E+17              0.0000000000E+00              9.8633988013E+01              0.0000000000E+00              4.8904693924E+17              3.3605025731E+15              4.9067184960E+02   0
    5    5    1              1.5090911284E+16              0.0000000000E+00              2.3901655376E+15              0.0000000000E+00              1.7884183833E+03              0.0000000000E+00              4.8904693924E+17              3.3605025731E+15              4.9067184960E+02   0
    5    5    2              1.6600002412E+17              0.0000000000E+00              2.6291820914E+16              0.0000000000E+00              6.9861332381E+02              0.0000000000E+00              4.8904693924E+17              3.3605025731E+15              4.9067184960E+02   0
    5    5    3              3.1690913695E+17              0.0000000000E+00              5.0193476290E+16              0.0000000000E+00              3.8912666734E+02              0.0000000000E+00              4.8904693924E+17              3.3605025731E+15              4.9067184960E+02   0
    5    5    4              4.6781824979E+17              0.0000000000E+00              7.4095131666E+16              0.0000000000E+00              9.8863965357E+01              0.0000000000E+00              4.8904693924E+17              3.3605025731E+15              4.9067184960E+02   0
    6    1    1              1.5083175155E+16              0.0000000000E+00              9.5231419981E+16              0.0000000000E+00              1.0844865703E+03              0.0000000000E+00              3.0856775811E+18              4.2128220084E+16              2.4208226177E+02   0
    6    1    2              1.6591492671E+17              0.0000000000E+00              1.0475456198E+18              0.0000000000E+00              3.4339527810E+02              0.0000000000E+00              3.0856775811E+18              4.2128220084E+16              2.4208226177E+02   0
    6    1    3              3.1674667826E+17              0.0000000000E+00              1.9998598196E+18              0.0000000000E+00              1.8664768891E+02              0.0000000000E+00              3.0856775811E+18              4.2128220084E+16              2.4208226177E+02   0
    6    1    4              4.6757842981E+17              0.0000000000E+00              2.9521740194E+18              0.0000000000E+00              4.7170823597E+01              0.0000000000E+00              3.0856775811E+18              4.2128220084E+16              2.4208226177E+02   0
    6    2    1              4.3773830048E+16              0.0000000000E+00              8.5910978719E+16              0.0000000000E+00              1.0854713632E+03              0.0000000000E+00              3.0856775811E+18              4.2128220084E+16              2.4208226177E+02   0
    6    2    2              4.8151213053E+17              0.0000000000E+00              9.4502076591E+17              0.0000000000E+00              3.4343140250E+02              0.0000000000E+00              3.0856775811E+18              4.2128220084E+16              2.4208226177E+02   0
    6    2    3              9.1925043101E+17              0.0000000000E+00              1.8041305531E+18              0.0000000000E+00              1.8665430273E+02              0.0000000000E+00              3.0856775811E+18              4.2128220084E+16              2.4208226177E+02   0
    6    2    4              1.3569887315E+18              0.0000000000E+00              2.6632403403E+18              0.0000000000E+00              4.7171701183E+01              0.0000000000E+00              3.0856775811E+18              4.2128220084E+16              2.4208226177E+02   0
    6    3    1              6.8181234728E+16              0.0000000000E+00              6.8181234728E+16              0.0000000000E+00              1.0873113421E+03              0.0000000000E+00              3.0856775811E+18              4.2128220084E+16              2.4208226177E+02   0
    6    3    2              7.4999358201E+17              0.0000000000E+00              7.4999358201E+17              0.0000000000E+00              3.4349245875E+02              0.0000000000E+00              3.0856775811E+18              4.2128220084E+16              2.4208226177E+02   0
    6    3    3              1.4318059293E+18              0.0000000000E+00              1.4318059293E+18              0.0000000000E+00              1.8666519592E+02              0.0000000000E+00              3.0856775811E+18              4.2128220084E+16              2.4208226177E+02   0
    6    3    4              2.1136182766E+18              0.0000000000E+00              2.1136182766E+18              0.0000000000E+00              4.7173197886E+01              0.0000000000E+00              3.0856775811E+18              4.2128220084E+16              2.4208226177E+02   0
    6    4    1              8.5915768055E+16              0.0000000000E+00              4.3776270337E+16              0.0000000000E+00              1.0896566582E+03              0.0000000000E+00              3.0856775811E+18              4.2128220084E+16              2.4208226177E+02   0
    6    4    2              9.4507344861E+17              0.0000000000E+00              4.8153897371E+17              0.0000000000E+00              3.4355716555E+02              0.0000000000E+00              3.0856775811E+18              4.2128220084E+16              2.4208226177E+02   0
    6    4    3              1.8042311292E+18              0.0000000000E+00              9.1930167708E+17              0.0000000000E+00              1.8667631934E+02              0.0000000000E+00              3.0856775811E+18              4.2128220084E+16              2.4208226177E+02   0
    6    4    4              2.6633888097E+18              0.0000000000E+00              1.3570643805E+18              0.0000000000E+00              4.7174744828E+01              0.0000000000E+00              3.0856775811E+18              4.2128220084E+16              2.4208226177E+02   0
    6    5    1              9.5240008466E+16              0.0000000000E+00              1.5084535437E+16              0.0000000000E+00              1.0916074382E+03              0.0000000000E+00              3.0856775811E+18              4.2128220084E+16              2.4208226177E+02   0
    6    5    2              1.0476400931E+18              0.0000000000E+00              1.6592988981E+17              0.0000000000E+00              3.4359927906E+02              0.0000000000E+00              3.0856775811E+18              4.2128220084E+16              2.4208226177E+02   0
    6    5    3              2.0000401778E+18              0.0000000000E+00              3.1677524419E+17              0.0000000000E+00              1.8668332705E+02              0.0000000000E+00              3.0856775811E+18              4.2128220084E+16              2.4208226177E+02   0
    6    5    4              2.9524402625E+18              0.0000000000E+00              4.6762059856E+17              0.0000000000E+00              4.7175764192E+01              0.0000000000E+00              3.0856775811E+18              4.2128220084E+16              2.4208226177E+02   0
