           6           5           4
    1    1    1              4.7295468860E+13              9.4076536773E+12              3.0446198992E+14              0.0000000000E+00              0.0000000000E+00              0.0000000000E+00              3.0856775811E+14              5.7034571196E+12              2.2665461922E+02   0
    1    1    2              4.0094828692E+13              2.6790508023E+13              3.0445945545E+14              0.0000000000E+00              0.0000000000E+00              0.0000000000E+00              3.0856775811E+14              5.7034571196E+12              2.2665461922E+02   0
    1    1    3              2.6790285006E+13              4.0094494923E+13              3.0445692098E+14              0.0000000000E+00              0.0000000000E+00              0.0000000000E+00              3.0856775811E+14              5.7034571196E+12              2.2665461922E+02   0
    1    1    4              9.4074970508E+12              4.7294681446E+13              3.0445692098E+14              0.0000000000E+00              0.0000000000E+00              0.0000000000E+00              3.0856775811E+14              5.7034571196E+12              2.2665461922E+02   0
    1    2    1              1.3728193339E+14              2.7307074369E+13              2.7470942935E+14              0.0000000000E+00              0.0000000000E+00              0.0000000000E+00              3.0856775811E+14              5.7034571196E+12              2.2665461922E+02   0
    1    2    2              1.1637619168E+14              7.7760085246E+13              2.7469571108E+14              0.0000000000E+00              0.0000000000E+00              0.0000000000E+00              3.0856775811E+14              5.7034571196E+12              2.2665461922E+02   0
    1    2    3              7.7754907475E+13              1.1636844260E+14              2.7467742006E+14              0.0000000000E+00              0.0000000000E+00              0.0000000000E+00              3.0856775811E+14              5.7034571196E+12              2.2665461922E+02   0
    1    2    4              2.7302756165E+13              1.3726022431E+14              2.7466598817E+14              0.0000000000E+00              0.0000000000E+00              0.0000000000E+00              3.0856775811E+14              5.7034571196E+12              2.2665461922E+02   0
    1    3    1              2.1388391075E+14              4.2544155031E+13              2.1807414428E+14              0.0000000000E+00              0.0000000000E+00              0.0000000000E+00              3.0856775811E+14              5.7034571196E+12              2.2665461922E+02   0
    1    3    2              1.8130241130E+14              1.2114239823E+14              2.1805055604E+14              0.0000000000E+00              0.0000000000E+00              0.0000000000E+00              3.0856775811E+14              5.7034571196E+12              2.2665461922E+02   0
    1    3    3              1.2112324488E+14              1.8127374629E+14              2.1801608093E+14              0.0000000000E+00              0.0000000000E+00              0.0000000000E+00              3.0856775811E+14              5.7034571196E+12              2.2665461922E+02   0
    1    3    4              4.2528225597E+13              2.1380382807E+14              2.1799249269E+14              0.0000000000E+00              0.0000000000E+00              0.0000000000E+00              3.0856775811E+14              5.7034571196E+12              2.2665461922E+02   0
    1    4    1              2.6958793589E+14              5.3624374545E+13              1.4005299321E+14              0.0000000000E+00              0.0000000000E+00              0.0000000000E+00              3.0856775811E+14              5.7034571196E+12              2.2665461922E+02   0
    1    4    2              2.2850569434E+14              1.5268262360E+14              1.4002852888E+14              0.0000000000E+00              0.0000000000E+00              0.0000000000E+00              3.0856775811E+14              5.7034571196E+12              2.2665461922E+02   0
    1    4    3              1.5264578654E+14              2.2845056379E+14              1.3999474482E+14              0.0000000000E+00              0.0000000000E+00              0.0000000000E+00              3.0856775811E+14              5.7034571196E+12              2.2665461922E+02   0
    1    4    4              5.3592704982E+13              2.6942872224E+14              1.3997028050E+14              0.0000000000E+00              0.0000000000E+00              0.0000000000E+00              3.0856775811E+14              5.7034571196E+12              2.2665461922E+02   0
    1    5    1              2.9889521596E+14              5.9453955005E+13              4.8267803811E+13              0.0000000000E+00              0.0000000000E+00              0.0000000000E+00              3.0856775811E+14              5.7034571196E+12              2.2665461922E+02   0
    1    5    2              2.5333633813E+14              1.6927392935E+14              4.8257366878E+13              0.0000000000E+00              0.0000000000E+00              0.0000000000E+00              3.0856775811E+14              5.7034571196E+12              2.2665461922E+02   0
    1    5    3              1.6922323862E+14              2.5326047410E+14              4.8242915740E+13              0.0000000000E+00              0.0000000000E+00              0.0000000000E+00              3.0856775811E+14              5.7034571196E+12              2.2665461922E+02   0
    1    5    4              5.9410443366E+13              2.9867646818E+14              4.8232478806E+13              0.0000000000E+00              0.0000000000E+00              0.0000000000E+00              3.0856775811E+14              5.7034571196E+12              2.2665461922E+02   0
    2    1    1              2.9669615122E+14              5.9016533832E+13              1.9099652203E+15              0.0000000000E+00              0.0000000000E+00              0.0000000000E+00              1.9469309325E+15              1.5348403787E+13              5.1922008472E+02   0
    2    1    2              2.5151816475E+14              1.6805906474E+14              1.9098992557E+15              0.0000000000E+00              0.0000000000E+00              0.0000000000E+00              1.9469309325E+15              1.5348403787E+13              5.1922008472E+02   0
    2    1    3              1.6805062187E+14              2.5150552912E+14              1.9098033072E+15              0.0000000000E+00              0.0000000000E+00              0.0000000000E+00              1.9469309325E+15              1.5348403787E+13              5.1922008472E+02   0
    2    1    4              5.9009430810E+13              2.9666044192E+14              1.9097353436E+15              0.0000000000E+00              0.0000000000E+00              0.0000000000E+00              1.9469309325E+15              1.5348403787E+13              5.1922008472E+02   0
    2    2    1              8.6208119031E+14              1.7147861044E+14              1.7250764612E+15              0.0000000000E+00              0.0000000000E+00              0.0000000000E+00              1.9469309325E+15              1.5348403787E+13              5.1922008472E+02   0
    2    2    2              7.3061865148E+14              4.8818377539E+14              1.7245607292E+15              0.0000000000E+00              0.0000000000E+00              0.0000000000E+00              1.9469309325E+15              1.5348403787E+13              5.1922008472E+02   0
    2    2    3              4.8797703854E+14              7.3030924793E+14              1.7238304095E+15              0.0000000000E+00              0.0000000000E+00              0.0000000000E+00              1.9469309325E+15              1.5348403787E+13              5.1922008472E+02   0
    2    2    4              1.7130366225E+14              8.6120166640E+14              1.7233164808E+15              0.0000000000E+00              0.0000000000E+00              0.0000000000E+00              1.9469309325E+15              1.5348403787E+13              5.1922008472E+02   0
    2    3    1              1.3453644644E+15              2.6760963060E+14              1.3717217125E+15              0.0000000000E+00              0.0000000000E+00              0.0000000000E+00              1.9469309325E+15              1.5348403787E+13              5.1922008472E+02   0
    2    3    2              1.1397048548E+15              7.6152643752E+14              1.3707113741E+15              0.0000000000E+00              0.0000000000E+00              0.0000000000E+00              1.9469309325E+15              1.5348403787E+13              5.1922008472E+02   0
    2    3    3              7.6073932596E+14              1.1385268591E+15              1.3692946107E+15              0.0000000000E+00              0.0000000000E+00              0.0000000000E+00              1.9469309325E+15              1.5348403787E+13              5.1922008472E+02   0
    2    3    4              2.6694181120E+14              1.3420071095E+15              1.3682985831E+15              0.0000000000E+00              0.0000000000E+00              0.0000000000E+00              1.9469309325E+15              1.5348403787E+13              5.1922008472E+02   0
    2    4    1              1.6986361679E+15              3.3787974148E+14              8.8245447223E+14              0.0000000000E+00              0.0000000000E+00              0.0000000000E+00              1.9469309325E+15              1.5348403787E+13              5.1922008472E+02   0
    2    4    2              1.4383324419E+15              9.6106301191E+14              8.8141162724E+14              0.0000000000E+00              0.0000000000E+00              0.0000000000E+00              1.9469309325E+15              1.5348403787E+13              5.1922008472E+02   0
    2    4    3              9.5947309690E+14              1.4359529659E+15              8.7995348188E+14              0.0000000000E+00              0.0000000000E+00              0.0000000000E+00              1.9469309325E+15              1.5348403787E+13              5.1922008472E+02   0
    2    4    4              3.3653165038E+14              1.6918588563E+15              8.7893360705E+14              0.0000000000E+00              0.0000000000E+00              0.0000000000E+00              1.9469309325E+15              1.5348403787E+13              5.1922008472E+02   0
    2    5    1              1.8852935566E+15              3.7500820455E+14              3.0445110747E+14              0.0000000000E+00              0.0000000000E+00              0.0000000000E+00              1.9469309325E+15              1.5348403787E+13              5.1922008472E+02   0
    2    5    2              1.5959378640E+15              1.0663715882E+15              3.0400596924E+14              0.0000000000E+00              0.0000000000E+00              0.0000000000E+00              1.9469309325E+15              1.5348403787E+13              5.1922008472E+02   0
    2    5    3              1.0641938101E+15              1.5926785888E+15              3.0338511856E+14              0.0000000000E+00              0.0000000000E+00              0.0000000000E+00              1.9469309325E+15              1.5348403787E+13              5.1922008472E+02   0
    2    5    4              3.7316129989E+14              1.8760085399E+15              3.0295169449E+14              0.0000000000E+00              0.0000000000E+00              0.0000000000E+00              1.9469309325E+15              1.5348403787E+13              5.1922008472E+02   0
    3    1    1              1.8689815269E+15              3.7176354010E+14              1.2031466196E+16              0.0000000000E+00              0.0000000000E+00              0.0000000000E+00              1.2284303711E+16              5.3673679548E+13              8.7350847973E+02   0
    3    1    2              1.5843837463E+15              1.0586513735E+15              1.2030993231E+16              0.0000000000E+00              0.0000000000E+00              0.0000000000E+00              1.2284303711E+16              5.3673679548E+13              8.7350847973E+02   0
    3    1    3              1.0585925536E+15              1.5842957160E+15              1.2030324775E+16              0.0000000000E+00              0.0000000000E+00              0.0000000000E+00              1.2284303711E+16              5.3673679548E+13              8.7350847973E+02   0
    3    1    4              3.7171375422E+14              1.8687312364E+15              1.2029854964E+16              0.0000000000E+00              0.0000000000E+00              0.0000000000E+00              1.2284303711E+16              5.3673679548E+13              8.7350847973E+02   0
    3    2    1              5.4317568757E+15              1.0804436192E+15              1.0869273143E+16              0.0000000000E+00              0.0000000000E+00              0.0000000000E+00              1.2284303711E+16              5.3673679548E+13              8.7350847973E+02   0
    3    2    2              4.6032617769E+15              3.0758011841E+15              1.0865592427E+16              0.0000000000E+00              0.0000000000E+00              0.0000000000E+00              1.2284303711E+16              5.3673679548E+13              8.7350847973E+02   0
    3    2    3              3.0743405543E+15              4.6010757899E+15              1.0860432598E+16              0.0000000000E+00              0.0000000000E+00              0.0000000000E+00              1.2284303711E+16              5.3673679548E+13              8.7350847973E+02   0
    3    2    4              1.0792051827E+15              5.4255308350E+15              1.0856814460E+16              0.0000000000E+00              0.0000000000E+00              0.0000000000E+00              1.2284303711E+16              5.3673679548E+13              8.7350847973E+02   0
    3    3    1              8.4804354193E+15              1.6868634857E+15              8.6465769712E+15              0.0000000000E+00              0.0000000000E+00              0.0000000000E+00              1.2284303711E+16              5.3673679548E+13              8.7350847973E+02   0
    3    3    2              7.1832359423E+15              4.7996848078E+15              8.6392044111E+15              0.0000000000E+00              0.0000000000E+00              0.0000000000E+00              1.2284303711E+16              5.3673679548E+13              8.7350847973E+02   0
    3    3    3              4.7940048720E+15              7.1747353176E+15              8.6289807967E+15              0.0000000000E+00              0.0000000000E+00              0.0000000000E+00              1.2284303711E+16              5.3673679548E+13              8.7350847973E+02   0
    3    3    4              1.6820473760E+15              8.4562232009E+15              8.6218904075E+15              0.0000000000E+00              0.0000000000E+00              0.0000000000E+00              1.2284303711E+16              5.3673679548E+13              8.7350847973E+02   0
    3    4    1              1.0712726144E+16              2.1308937185E+15              5.5653431114E+15              0.0000000000E+00              0.0000000000E+00              0.0000000000E+00              1.2284303711E+16              5.3673679548E+13              8.7350847973E+02   0
    3    4    2              9.0690203896E+15              6.0597256912E+15              5.5575051958E+15              0.0000000000E+00              0.0000000000E+00              0.0000000000E+00              1.2284303711E+16              5.3673679548E+13              8.7350847973E+02   0
    3    4    3              6.0480220581E+15              9.0515046649E+15              5.5467715413E+15              0.0000000000E+00              0.0000000000E+00              0.0000000000E+00              1.2284303711E+16              5.3673679548E+13              8.7350847973E+02   0
    3    4    4              2.1209650128E+15              1.0662811170E+16              5.5394119008E+15              0.0000000000E+00              0.0000000000E+00              0.0000000000E+00              1.2284303711E+16              5.3673679548E+13              8.7350847973E+02   0
    3    5    1              1.1894204452E+16              2.3659043656E+15              1.9207638541E+15              0.0000000000E+00              0.0000000000E+00              0.0000000000E+00              1.2284303711E+16              5.3673679548E+13              8.7350847973E+02   0
    3    5    2              1.0065521281E+16              6.7255662992E+15              1.9173544421E+15              0.0000000000E+00              0.0000000000E+00              0.0000000000E+00              1.2284303711E+16              5.3673679548E+13              8.7350847973E+02   0
    3    5    3              6.7093221753E+15              1.0041210231E+16              1.9127234948E+15              0.0000000000E+00              0.0000000000E+00              0.0000000000E+00              1.2284303711E+16              5.3673679548E+13              8.7350847973E+02   0
    3    5    4              2.3521209610E+15              1.1824910597E+16              1.9095737714E+15              0.0000000000E+00              0.0000000000E+00              0.0000000000E+00              1.2284303711E+16              5.3673679548E+13              8.7350847973E+02   0
    4    1    1              1.1655738685E+16              2.3184705753E+15              7.5033179276E+16              0.0000000000E+00              0.0000000000E+00              0.0000000000E+00              7.7508716480E+16              3.5152447325E+14              7.7948618051E+02   0
    4    1    2              9.8806555369E+15              6.6020429584E+15              7.5028603498E+16              0.0000000000E+00              0.0000000000E+00              0.0000000000E+00              7.7508716480E+16              3.5152447325E+14              7.7948618051E+02   0
    4    1    3              6.6014740113E+15              9.8798040474E+15              7.5022137725E+16              0.0000000000E+00              0.0000000000E+00              0.0000000000E+00              7.7508716480E+16              3.5152447325E+14              7.7948618051E+02   0
    4    1    4              2.3179892408E+15              1.1653318852E+16              7.5017601737E+16              0.0000000000E+00              0.0000000000E+00              0.0000000000E+00              7.7508716480E+16              3.5152447325E+14              7.7948618051E+02   0
    4    2    1              3.3909726499E+16              6.7450639750E+15              6.7855408105E+16              0.0000000000E+00              0.0000000000E+00              0.0000000000E+00              7.7508716480E+16              3.5152447325E+14              7.7948618051E+02   0
    4    2    2              2.8731037078E+16              1.9197465221E+16              6.7817072769E+16              0.0000000000E+00              0.0000000000E+00              0.0000000000E+00              7.7508716480E+16              3.5152447325E+14              7.7948618051E+02   0
    4    2    3              1.9182548996E+16              2.8708713370E+16              6.7764379630E+16              0.0000000000E+00              0.0000000000E+00              0.0000000000E+00              7.7508716480E+16              3.5152447325E+14              7.7948618051E+02   0
    4    2    4              6.7324134918E+15              3.3846128225E+16              6.7728144123E+16              0.0000000000E+00              0.0000000000E+00              0.0000000000E+00              7.7508716480E+16              3.5152447325E+14              7.7948618051E+02   0
    4    3    1              5.3064626890E+16              1.0555210559E+16              5.4104224391E+16              0.0000000000E+00              0.0000000000E+00              0.0000000000E+00              7.7508716480E+16              3.5152447325E+14              7.7948618051E+02   0
    4    3    2              4.4911587486E+16              3.0008963353E+16              5.4014706998E+16              0.0000000000E+00              0.0000000000E+00              0.0000000000E+00              7.7508716480E+16              3.5152447325E+14              7.7948618051E+02   0
    4    3    3              2.9944432847E+16              4.4815010758E+16              5.3898555155E+16              0.0000000000E+00              0.0000000000E+00              0.0000000000E+00              7.7508716480E+16              3.5152447325E+14              7.7948618051E+02   0
    4    3    4              1.0500278918E+16              5.2788466885E+16              5.3822654092E+16              0.0000000000E+00              0.0000000000E+00              0.0000000000E+00              7.7508716480E+16              3.5152447325E+14              7.7948618051E+02   0
    4    4    1              6.7277825412E+16              1.3382391525E+16              3.4951344518E+16              0.0000000000E+00              0.0000000000E+00              0.0000000000E+00              7.7508716480E+16              3.5152447325E+14              7.7948618051E+02   0
    4    4    2              5.6842437191E+16              3.7980902258E+16              3.4833105061E+16              0.0000000000E+00              0.0000000000E+00              0.0000000000E+00              7.7508716480E+16              3.5152447325E+14              7.7948618051E+02   0
    4    4    3              3.7827867958E+16              5.6613405176E+16              3.4692754002E+16              0.0000000000E+00              0.0000000000E+00              0.0000000000E+00              7.7508716480E+16              3.5152447325E+14              7.7948618051E+02   0
    4    4    4              1.3250678280E+16              6.6615658212E+16              3.4607343597E+16              0.0000000000E+00              0.0000000000E+00              0.0000000000E+00              7.7508716480E+16              3.5152447325E+14              7.7948618051E+02   0
    4    5    1              7.4957853112E+16              1.4910044016E+16              1.2104746931E+16              0.0000000000E+00              0.0000000000E+00              0.0000000000E+00              7.7508716480E+16              3.5152447325E+14              7.7948618051E+02   0
    4    5    2              6.3222244351E+16              4.2243753117E+16              1.2043037580E+16              0.0000000000E+00              0.0000000000E+00              0.0000000000E+00              7.7508716480E+16              3.5152447325E+14              7.7948618051E+02   0
    4    5    3              4.2006524837E+16              6.2867207140E+16              1.1975407484E+16              0.0000000000E+00              0.0000000000E+00              0.0000000000E+00              7.7508716480E+16              3.5152447325E+14              7.7948618051E+02   0
    4    5    4              1.4702928313E+16              7.3916612157E+16              1.1936599663E+16              0.0000000000E+00              0.0000000000E+00              0.0000000000E+00              7.7508716480E+16              3.5152447325E+14              7.7948618051E+02   0
    5    1    1              7.4601932732E+16              1.4839247051E+16              4.8024585523E+17              0.0000000000E+00              0.0000000000E+00              0.0000000000E+00              4.8904693924E+17              3.3605025731E+15              4.9067184960E+02   0
    5    1    2              6.3243109210E+16              4.2257694569E+16              4.8023556202E+17              0.0000000000E+00              0.0000000000E+00              0.0000000000E+00              4.8904693924E+17              3.3605025731E+15              4.9067184960E+02   0
    5    1    3              4.2256424328E+16              6.3241208158E+16              4.8022112642E+17              0.0000000000E+00              0.0000000000E+00              0.0000000000E+00              4.8904693924E+17              3.3605025731E+15              4.9067184960E+02   0
    5    1    4              1.4838168774E+16              7.4596511870E+16              4.8021095873E+17              0.0000000000E+00              0.0000000000E+00              0.0000000000E+00              4.8904693924E+17              3.3605025731E+15              4.9067184960E+02   0
    5    2    1              2.1666689882E+17              4.3097725777E+16              4.3356353354E+17              0.0000000000E+00              0.0000000000E+00              0.0000000000E+00              4.8904693924E+17              3.3605025731E+15              4.9067184960E+02   0
    5    2    2              1.8364577847E+17              1.2270818612E+17              4.3347962306E+17              0.0000000000E+00              0.0000000000E+00              0.0000000000E+00              4.8904693924E+17              3.3605025731E+15              4.9067184960E+02   0
    5    2    3              1.2267545743E+17              1.8359679653E+17              4.3336400551E+17              0.0000000000E+00              0.0000000000E+00              0.0000000000E+00              4.8904693924E+17              3.3605025731E+15              4.9067184960E+02   0
    5    2    4              4.3069961859E+16              2.1652732018E+17              4.3328422827E+17              0.0000000000E+00              0.0000000000E+00              0.0000000000E+00              4.8904693924E+17              3.3605025731E+15              4.9067184960E+02   0
    5    3    1              3.3793798270E+17              6.7220044166E+16              3.4455857918E+17              0.0000000000E+00              0.0000000000E+00              0.0000000000E+00              4.8904693924E+17              3.3605025731E+15              4.9067184960E+02   0
    5    3    2              2.8633381926E+17              1.9132214134E+17              3.4437075633E+17              0.0000000000E+00              0.0000000000E+00              0.0000000000E+00              4.8904693924E+17              3.3605025731E+15              4.9067184960E+02   0
    5    3    3              1.9118538951E+17              2.8612915568E+17              3.4412460954E+17              0.0000000000E+00              0.0000000000E+00              0.0000000000E+00              4.8904693924E+17              3.3605025731E+15              4.9067184960E+02   0
    5    3    4              6.7103700098E+16              3.3735308157E+17              3.4396221917E+17              0.0000000000E+00              0.0000000000E+00              0.0000000000E+00              4.8904693924E+17              3.3605025731E+15              4.9067184960E+02   0
    5    4    1              4.2656382973E+17              8.4848821209E+16              2.2160316985E+17              0.0000000000E+00              0.0000000000E+00              0.0000000000E+00              4.8904693924E+17              3.3605025731E+15              4.9067184960E+02   0
    5    4    2              3.6124023587E+17              2.4137300876E+17              2.2136839499E+17              0.0000000000E+00              0.0000000000E+00              0.0000000000E+00              4.8904693924E+17              3.3605025731E+15              4.9067184960E+02   0
    5    4    3              2.4106382525E+17              3.6077751004E+17              2.2108483611E+17              0.0000000000E+00              0.0000000000E+00              0.0000000000E+00              4.8904693924E+17              3.3605025731E+15              4.9067184960E+02   0
    5    4    4              8.4582878501E+16              4.2522684545E+17              2.2090859630E+17              0.0000000000E+00              0.0000000000E+00              0.0000000000E+00              4.8904693924E+17              3.3605025731E+15              4.9067184960E+02   0
    5    5    1              4.7350720506E+17              9.4186439129E+16              7.6465435566E+16              0.0000000000E+00              0.0000000000E+00              0.0000000000E+00              4.8904693924E+17              3.3605025731E+15              4.9067184960E+02   0
    5    5    2              4.0079076746E+17              2.6779982909E+17              7.6345569883E+16              0.0000000000E+00              0.0000000000E+00              0.0000000000E+00              4.8904693924E+17              3.3605025731E+15              4.9067184960E+02   0
    5    5    3              2.6733711049E+17              4.0009826013E+17              7.6213655999E+16              0.0000000000E+00              0.0000000000E+00              0.0000000000E+00              4.8904693924E+17              3.3605025731E+15              4.9067184960E+02   0
    5    5    4              9.3780336415E+16              4.7146558885E+17              7.6135740323E+16              0.0000000000E+00              0.0000000000E+00              0.0000000000E+00              4.8904693924E+17              3.3605025731E+15              4.9067184960E+02   0
    6    1    1              4.7338739756E+17              9.4162607937E+16              3.0474054394E+18              0.0000000000E+00              0.0000000000E+00              0.0000000000E+00              3.0856775811E+18              4.2128220084E+16              2.4208226177E+02   0
    6    1    2              4.0131824894E+17              2.6815228095E+17              3.0474038554E+18              0.0000000000E+00              0.0000000000E+00              0.0000000000E+00              3.0856775811E+18              4.2128220084E+16              2.4208226177E+02   0
    6    1    3              2.6815207187E+17              4.0131793604E+17              3.0474014793E+18              0.0000000000E+00              0.0000000000E+00              0.0000000000E+00              3.0856775811E+18              4.2128220084E+16              2.4208226177E+02   0
    6    1    4              9.4162436626E+16              4.7338653633E+17              3.0473998952E+18              0.0000000000E+00              0.0000000000E+00              0.0000000000E+00              3.0856775811E+18              4.2128220084E+16              2.4208226177E+02   0
    6    2    1              1.3738464091E+18              2.7327504164E+17              2.7491495328E+18              0.0000000000E+00              0.0000000000E+00              0.0000000000E+00              3.0856775811E+18              4.2128220084E+16              2.4208226177E+02   0
    6    2    2              1.1646857527E+18              7.7821813985E+17              2.7491377436E+18              0.0000000000E+00              0.0000000000E+00              0.0000000000E+00              3.0856775811E+18              4.2128220084E+16              2.4208226177E+02   0
    6    2    3              7.7821348794E+17              1.1646787906E+18              2.7491213103E+18              0.0000000000E+00              0.0000000000E+00              0.0000000000E+00              3.0856775811E+18              4.2128220084E+16              2.4208226177E+02   0
    6    2    4              2.7327102884E+17              1.3738262353E+18              2.7491091639E+18              0.0000000000E+00              0.0000000000E+00              0.0000000000E+00              3.0856775811E+18              4.2128220084E+16              2.4208226177E+02   0
    6    3    1              2.1398735087E+18              4.2564730551E+17              2.1817961091E+18              0.0000000000E+00              0.0000000000E+00              0.0000000000E+00              3.0856775811E+18              4.2128220084E+16              2.4208226177E+02   0
    6    3    2              1.8140783064E+18              1.2121283719E+18              2.1817734281E+18              0.0000000000E+00              0.0000000000E+00              0.0000000000E+00              3.0856775811E+18              4.2128220084E+16              2.4208226177E+02   0
    6    3    3              1.2121104156E+18              1.8140514330E+18              2.1817411077E+18              0.0000000000E+00              0.0000000000E+00              0.0000000000E+00              3.0856775811E+18              4.2128220084E+16              2.4208226177E+02   0
    6    3    4              4.2563215042E+17              2.1397973189E+18              2.1817184267E+18              0.0000000000E+00              0.0000000000E+00              0.0000000000E+00              3.0856775811E+18              4.2128220084E+16              2.4208226177E+02   0
    6    4    1              2.6964711543E+18              5.3636146088E+17              1.4008373743E+18              0.0000000000E+00              0.0000000000E+00              0.0000000000E+00              3.0856775811E+18              4.2128220084E+16              2.4208226177E+02   0
    6    4    2              2.2859195466E+18              1.5274026090E+18              1.4008138929E+18              0.0000000000E+00              0.0000000000E+00              0.0000000000E+00              3.0856775811E+18              4.2128220084E+16              2.4208226177E+02   0
    6    4    3              1.5273668834E+18              2.2858660794E+18              1.4007811282E+18              0.0000000000E+00              0.0000000000E+00              0.0000000000E+00              3.0856775811E+18              4.2128220084E+16              2.4208226177E+02   0
    6    4    4              5.3633100402E+17              2.6963180373E+18              1.4007578289E+18              0.0000000000E+00              0.0000000000E+00              0.0000000000E+00              3.0856775811E+18              4.2128220084E+16              2.4208226177E+02   0
    6    5    1              2.9891114043E+18              5.9457122578E+17              4.8270375411E+17              0.0000000000E+00              0.0000000000E+00              0.0000000000E+00              3.0856775811E+18              4.2128220084E+16              2.4208226177E+02   0
    6    5    2              2.5339942645E+18              1.6931608362E+18              4.8269384405E+17              0.0000000000E+00              0.0000000000E+00              0.0000000000E+00              3.0856775811E+18              4.2128220084E+16              2.4208226177E+02   0
    6    5    3              1.6931119935E+18              2.5339211663E+18              4.8267991977E+17              0.0000000000E+00              0.0000000000E+00              0.0000000000E+00              3.0856775811E+18              4.2128220084E+16              2.4208226177E+02   0
    6    5    4              5.9452981556E+17              2.9889032210E+18              4.8267013515E+17              0.0000000000E+00              0.0000000000E+00              0.0000000000E+00              3.0856775811E+18              4.2128220084E+16              2.4208226177E+02   0
