           6           5           4
    1    1    1              4.7297043690E+13              9.4079669303E+12              3.0447212779E+14              0.0000000000E+00              0.0000000000E+00              0.0000000000E+00              3.0856775811E+14              5.7062585879E+12              2.2670052691E+02   0
    1    1    2              4.0096497537E+13              2.6791623109E+13              3.0447212779E+14              0.0000000000E+00              0.0000000000E+00              0.0000000000E+00              3.0856775811E+14              5.7062585879E+12              2.2670052691E+02   0
    1    1    3              2.6791623109E+13              4.0096497537E+13              3.0447212779E+14              0.0000000000E+00              0.0000000000E+00              0.0000000000E+00              3.0856775811E+14              5.7062585879E+12              2.2670052691E+02   0
    1    1    4              9.4078886171E+12              4.7296649982E+13              3.0446959333E+14              0.0000000000E+00              0.0000000000E+00              0.0000000000E+00              3.0856775811E+14              5.7062585879E+12              2.2670052691E+02   0
    1    2    1              1.3728650372E+14              2.7307983465E+13              2.7471857486E+14              0.0000000000E+00              0.0000000000E+00              0.0000000000E+00              3.0856775811E+14              5.7062585879E+12              2.2670052691E+02   0
    1    2    2              1.1638297213E+14              7.7764615796E+13              2.7471171572E+14              0.0000000000E+00              0.0000000000E+00              0.0000000000E+00              3.0856775811E+14              5.7062585879E+12              2.2670052691E+02   0
    1    2    3              7.7762674132E+13              1.1638006623E+14              2.7470485659E+14              0.0000000000E+00              0.0000000000E+00              0.0000000000E+00              3.0856775811E+14              5.7062585879E+12              2.2670052691E+02   0
    1    2    4              2.7306165274E+13              1.3727736306E+14              2.7470028383E+14              0.0000000000E+00              0.0000000000E+00              0.0000000000E+00              3.0856775811E+14              5.7062585879E+12              2.2670052691E+02   0
    1    3    1              2.1388924959E+14              4.2545216993E+13              2.1807958772E+14              0.0000000000E+00              0.0000000000E+00              0.0000000000E+00              3.0856775811E+14              5.7062585879E+12              2.2670052691E+02   0
    1    3    2              1.8131900683E+14              1.2115348701E+14              2.1807051532E+14              0.0000000000E+00              0.0000000000E+00              0.0000000000E+00              3.0856775811E+14              5.7062585879E+12              2.2670052691E+02   0
    1    3    3              1.2114542244E+14              1.8130693735E+14              2.1805599948E+14              0.0000000000E+00              0.0000000000E+00              0.0000000000E+00              3.0856775811E+14              5.7062585879E+12              2.2670052691E+02   0
    1    3    4              4.2538491232E+13              2.1385543691E+14              2.1804511260E+14              0.0000000000E+00              0.0000000000E+00              0.0000000000E+00              3.0856775811E+14              5.7062585879E+12              2.2670052691E+02   0
    1    4    1              2.6959466323E+14              5.3625712696E+13              1.4005648811E+14              0.0000000000E+00              0.0000000000E+00              0.0000000000E+00              3.0856775811E+14              5.7062585879E+12              2.2670052691E+02   0
    1    4    2              2.2853421015E+14              1.5270167726E+14              1.4004600340E+14              0.0000000000E+00              0.0000000000E+00              0.0000000000E+00              3.0856775811E+14              5.7062585879E+12              2.2670052691E+02   0
    1    4    3              1.5268516409E+14              2.2850949645E+14              1.4003085882E+14              0.0000000000E+00              0.0000000000E+00              0.0000000000E+00              3.0856775811E+14              5.7062585879E+12              2.2670052691E+02   0
    1    4    4              5.3611885140E+13              2.6952514741E+14              1.4002037411E+14              0.0000000000E+00              0.0000000000E+00              0.0000000000E+00              3.0856775811E+14              5.7062585879E+12              2.2670052691E+02   0
    1    5    1              2.9890018750E+14              5.9454943906E+13              4.8268606652E+13              0.0000000000E+00              0.0000000000E+00              0.0000000000E+00              3.0856775811E+14              5.7062585879E+12              2.2670052691E+02   0
    1    5    2              2.5337427015E+14              1.6929927471E+14              4.8264592447E+13              0.0000000000E+00              0.0000000000E+00              0.0000000000E+00              3.0856775811E+14              5.7062585879E+12              2.2670052691E+02   0
    1    5    3              1.6927674550E+14              2.5334055280E+14              4.8258169719E+13              0.0000000000E+00              0.0000000000E+00              0.0000000000E+00              3.0856775811E+14              5.7062585879E+12              2.2670052691E+02   0
    1    5    4              5.9436649240E+13              2.9880821400E+14              4.8253754093E+13              0.0000000000E+00              0.0000000000E+00              0.0000000000E+00              3.0856775811E+14              5.7062585879E+12              2.2670052691E+02   0
    2    1    1              2.9676725931E+14              5.9030678110E+13              1.9104229747E+15              0.0000000000E+00              0.0000000000E+00              0.0000000000E+00              1.9469309325E+15              1.5372677647E+13              5.1900925230E+02   0
    2    1    2              2.5158344889E+14              1.6810268620E+14              1.9103949897E+15              0.0000000000E+00              0.0000000000E+00              0.0000000000E+00              1.9469309325E+15              1.5372677647E+13              5.1900925230E+02   0
    2    1    3              1.6809916834E+14              2.5157818404E+14              1.9103550112E+15              0.0000000000E+00              0.0000000000E+00              0.0000000000E+00              1.9469309325E+15              1.5372677647E+13              5.1900925230E+02   0
    2    1    4              5.9027589839E+13              2.9675173352E+14              1.9103230284E+15              0.0000000000E+00              0.0000000000E+00              0.0000000000E+00              1.9469309325E+15              1.5372677647E+13              5.1900925230E+02   0
    2    2    1              8.6226862983E+14              1.7151589448E+14              1.7254515390E+15              0.0000000000E+00              0.0000000000E+00              0.0000000000E+00              1.9469309325E+15              1.5372677647E+13              5.1900925230E+02   0
    2    2    2              7.3090208042E+14              4.8837315655E+14              1.7252297382E+15              0.0000000000E+00              0.0000000000E+00              0.0000000000E+00              1.9469309325E+15              1.5372677647E+13              5.1900925230E+02   0
    2    2    3              4.8828382581E+14              7.3076838752E+14              1.7249141679E+15              0.0000000000E+00              0.0000000000E+00              0.0000000000E+00              1.9469309325E+15              1.5372677647E+13              5.1900925230E+02   0
    2    2    4              1.7144043015E+14              8.6188924503E+14              1.7246923671E+15              0.0000000000E+00              0.0000000000E+00              0.0000000000E+00              1.9469309325E+15              1.5372677647E+13              5.1900925230E+02   0
    2    3    1              1.3456086867E+15              2.6765820944E+14              1.3719707194E+15              0.0000000000E+00              0.0000000000E+00              0.0000000000E+00              1.9469309325E+15              1.5372677647E+13              5.1900925230E+02   0
    2    3    2              1.1403902341E+15              7.6198439335E+14              1.3715356728E+15              0.0000000000E+00              0.0000000000E+00              0.0000000000E+00              1.9469309325E+15              1.5372677647E+13              5.1900925230E+02   0
    2    3    3              7.6164331167E+14              1.1398797693E+15              1.3709217420E+15              0.0000000000E+00              0.0000000000E+00              0.0000000000E+00              1.9469309325E+15              1.5372677647E+13              5.1900925230E+02   0
    2    3    4              2.6736896993E+14              1.3441545815E+15              1.3704881266E+15              0.0000000000E+00              0.0000000000E+00              0.0000000000E+00              1.9469309325E+15              1.5372677647E+13              5.1900925230E+02   0
    2    4    1              1.6988837732E+15              3.3792899324E+14              8.8258310509E+14              0.0000000000E+00              0.0000000000E+00              0.0000000000E+00              1.9469309325E+15              1.5372677647E+13              5.1900925230E+02   0
    2    4    2              1.4395094354E+15              9.6184945380E+14              8.8213289007E+14              0.0000000000E+00              0.0000000000E+00              0.0000000000E+00              1.9469309325E+15              1.5372677647E+13              5.1900925230E+02   0
    2    4    3              9.6115818640E+14              1.4384748806E+15              8.8149891383E+14              0.0000000000E+00              0.0000000000E+00              0.0000000000E+00              1.9469309325E+15              1.5372677647E+13              5.1900925230E+02   0
    2    4    4              3.3734289727E+14              1.6959372698E+15              8.8105237404E+14              0.0000000000E+00              0.0000000000E+00              0.0000000000E+00              1.9469309325E+15              1.5372677647E+13              5.1900925230E+02   0
    2    5    1              1.8855288188E+15              3.7505500112E+14              3.0448909935E+14              0.0000000000E+00              0.0000000000E+00              0.0000000000E+00              1.9469309325E+15              1.5372677647E+13              5.1900925230E+02   0
    2    5    2              1.5974636236E+15              1.0673910682E+15              3.0429660715E+14              0.0000000000E+00              0.0000000000E+00              0.0000000000E+00              1.9469309325E+15              1.5372677647E+13              5.1900925230E+02   0
    2    5    3              1.0664426630E+15              1.5960442350E+15              3.0402623158E+14              0.0000000000E+00              0.0000000000E+00              0.0000000000E+00              1.9469309325E+15              1.5372677647E+13              5.1900925230E+02   0
    2    5    4              3.7425049007E+14              1.8814842687E+15              3.0383595557E+14              0.0000000000E+00              0.0000000000E+00              0.0000000000E+00              1.9469309325E+15              1.5372677647E+13              5.1900925230E+02   0
    3    1    1              1.8702285713E+15              3.7201159266E+14              1.2039493976E+16              0.0000000000E+00              0.0000000000E+00              0.0000000000E+00              1.2284303711E+16              5.3932945171E+13              8.7198240218E+02   0
    3    1    2              1.5854791412E+15              1.0593832930E+15              1.2039311096E+16              0.0000000000E+00              0.0000000000E+00              0.0000000000E+00              1.2284303711E+16              5.3932945171E+13              8.7198240218E+02   0
    3    1    3              1.0593605419E+15              1.5854450918E+15              1.2039052542E+16              0.0000000000E+00              0.0000000000E+00              0.0000000000E+00              1.2284303711E+16              5.3932945171E+13              8.7198240218E+02   0
    3    1    4              3.7199230185E+14              1.8701315898E+15              1.2038869663E+16              0.0000000000E+00              0.0000000000E+00              0.0000000000E+00              1.2284303711E+16              5.3932945171E+13              8.7198240218E+02   0
    3    2    1              5.4348926395E+15              1.0810673614E+15              1.0875547996E+16              0.0000000000E+00              0.0000000000E+00              0.0000000000E+00              1.2284303711E+16              5.3932945171E+13              8.7198240218E+02   0
    3    2    2              4.6068793805E+15              3.0782183895E+15              1.0874131461E+16              0.0000000000E+00              0.0000000000E+00              0.0000000000E+00              1.2284303711E+16              5.3932945171E+13              8.7198240218E+02   0
    3    2    3              3.0776531403E+15              4.6060334252E+15              1.0872134658E+16              0.0000000000E+00              0.0000000000E+00              0.0000000000E+00              1.2284303711E+16              5.3932945171E+13              8.7198240218E+02   0
    3    2    4              1.0805878207E+15              5.4324818256E+15              1.0870723812E+16              0.0000000000E+00              0.0000000000E+00              0.0000000000E+00              1.2284303711E+16              5.3932945171E+13              8.7198240218E+02   0
    3    3    1              8.4840619384E+15              1.6875848452E+15              8.6502745381E+15              0.0000000000E+00              0.0000000000E+00              0.0000000000E+00              1.2284303711E+16              5.3932945171E+13              8.7198240218E+02   0
    3    3    2              7.1900717284E+15              4.8042523340E+15              8.6474257412E+15              0.0000000000E+00              0.0000000000E+00              0.0000000000E+00              1.2284303711E+16              5.3932945171E+13              8.7198240218E+02   0
    3    3    3              4.8020325313E+15              7.1867495589E+15              8.6434302019E+15              0.0000000000E+00              0.0000000000E+00              0.0000000000E+00              1.2284303711E+16              5.3932945171E+13              8.7198240218E+02   0
    3    3    4              1.6857034973E+15              8.4746037639E+15              8.6406310670E+15              0.0000000000E+00              0.0000000000E+00              0.0000000000E+00              1.2284303711E+16              5.3932945171E+13              8.7198240218E+02   0
    3    4    1              1.0715649847E+16              2.1314752792E+15              5.5668619975E+15              0.0000000000E+00              0.0000000000E+00              0.0000000000E+00              1.2284303711E+16              5.3932945171E+13              8.7198240218E+02   0
    3    4    2              9.0793321044E+15              6.0666157588E+15              5.5638242254E+15              0.0000000000E+00              0.0000000000E+00              0.0000000000E+00              1.2284303711E+16              5.3932945171E+13              8.7198240218E+02   0
    3    4    3              6.0619918281E+15              9.0724119032E+15              5.5595835188E+15              0.0000000000E+00              0.0000000000E+00              0.0000000000E+00              1.2284303711E+16              5.3932945171E+13              8.7198240218E+02   0
    3    4    4              2.1275564037E+15              1.0695948330E+16              5.5566269086E+15              0.0000000000E+00              0.0000000000E+00              0.0000000000E+00              1.2284303711E+16              5.3932945171E+13              8.7198240218E+02   0
    3    5    1              1.1896279525E+16              2.3663171234E+15              1.9210989523E+15              0.0000000000E+00              0.0000000000E+00              0.0000000000E+00              1.2284303711E+16              5.3932945171E+13              8.7198240218E+02   0
    3    5    2              1.0078223430E+16              6.7340536044E+15              1.9197740409E+15              0.0000000000E+00              0.0000000000E+00              0.0000000000E+00              1.2284303711E+16              5.3932945171E+13              8.7198240218E+02   0
    3    5    3              6.7275930922E+15              1.0068554591E+16              1.9179322493E+15              0.0000000000E+00              0.0000000000E+00              0.0000000000E+00              1.2284303711E+16              5.3932945171E+13              8.7198240218E+02   0
    3    5    4              2.3608405468E+15              1.1868746916E+16              1.9166527834E+15              0.0000000000E+00              0.0000000000E+00              0.0000000000E+00              1.2284303711E+16              5.3932945171E+13              8.7198240218E+02   0
    4    1    1              1.1687147058E+16              2.3247180892E+15              7.5235368959E+16              0.0000000000E+00              0.0000000000E+00              0.0000000000E+00              7.7508716480E+16              3.5710404454E+14              7.7536076399E+02   0
    4    1    2              9.9076805053E+15              6.6201004649E+15              7.5233817173E+16              0.0000000000E+00              0.0000000000E+00              0.0000000000E+00              7.7508716480E+16              3.5710404454E+14              7.7536076399E+02   0
    4    1    3              6.6199096488E+15              9.9073949288E+15              7.5231648652E+16              0.0000000000E+00              0.0000000000E+00              0.0000000000E+00              7.7508716480E+16              3.5710404454E+14              7.7536076399E+02   0
    4    1    4              2.3245551855E+15              1.1686328085E+16              7.5230096867E+16              0.0000000000E+00              0.0000000000E+00              0.0000000000E+00              7.7508716480E+16              3.5710404454E+14              7.7536076399E+02   0
    4    2    1              3.3992338782E+16              6.7614965799E+15              6.8020720266E+16              0.0000000000E+00              0.0000000000E+00              0.0000000000E+00              7.7508716480E+16              3.5710404454E+14              7.7536076399E+02   0
    4    2    2              2.8811854072E+16              1.9251465409E+16              6.8007834138E+16              0.0000000000E+00              0.0000000000E+00              0.0000000000E+00              7.7508716480E+16              3.5710404454E+14              7.7536076399E+02   0
    4    2    3              1.9246354469E+16              2.8804205008E+16              6.7989779200E+16              0.0000000000E+00              0.0000000000E+00              0.0000000000E+00              7.7508716480E+16              3.5710404454E+14              7.7536076399E+02   0
    4    2    4              6.7571631962E+15              3.3970553391E+16              6.7977126385E+16              0.0000000000E+00              0.0000000000E+00              0.0000000000E+00              7.7508716480E+16              3.5710404454E+14              7.7536076399E+02   0
    4    3    1              5.3167273646E+16              1.0575628268E+16              5.4208882115E+16              0.0000000000E+00              0.0000000000E+00              0.0000000000E+00              7.7508716480E+16              3.5710404454E+14              7.7536076399E+02   0
    4    3    2              4.5048097596E+16              3.0100176493E+16              5.4178886311E+16              0.0000000000E+00              0.0000000000E+00              0.0000000000E+00              7.7508716480E+16              3.5710404454E+14              7.7536076399E+02   0
    4    3    3              3.0077268361E+16              4.5013813154E+16              5.4137652763E+16              0.0000000000E+00              0.0000000000E+00              0.0000000000E+00              7.7508716480E+16              3.5710404454E+14              7.7536076399E+02   0
    4    3    4              1.0556199767E+16              5.3069599977E+16              5.4109294906E+16              0.0000000000E+00              0.0000000000E+00              0.0000000000E+00              7.7508716480E+16              3.5710404454E+14              7.7536076399E+02   0
    4    4    1              6.7362792211E+16              1.3399292472E+16              3.4995485420E+16              0.0000000000E+00              0.0000000000E+00              0.0000000000E+00              7.7508716480E+16              3.5710404454E+14              7.7536076399E+02   0
    4    4    2              5.7042787976E+16              3.8114772373E+16              3.4955880231E+16              0.0000000000E+00              0.0000000000E+00              0.0000000000E+00              7.7508716480E+16              3.5710404454E+14              7.7536076399E+02   0
    4    4    3              3.8057210018E+16              5.6956639824E+16              3.4903088554E+16              0.0000000000E+00              0.0000000000E+00              0.0000000000E+00              7.7508716480E+16              3.5710404454E+14              7.7536076399E+02   0
    4    4    4              1.3350406823E+16              6.7117027459E+16              3.4867808753E+16              0.0000000000E+00              0.0000000000E+00              0.0000000000E+00              7.7508716480E+16              3.5710404454E+14              7.7536076399E+02   0
    4    5    1              7.5010321994E+16              1.4920480726E+16              1.2113219993E+16              0.0000000000E+00              0.0000000000E+00              0.0000000000E+00              7.7508716480E+16              3.5710404454E+14              7.7536076399E+02   0
    4    5    2              6.3481818684E+16              4.2417195141E+16              1.2092483206E+16              0.0000000000E+00              0.0000000000E+00              0.0000000000E+00              7.7508716480E+16              3.5710404454E+14              7.7536076399E+02   0
    4    5    3              4.2322936055E+16              6.3340749992E+16              1.2065611405E+16              0.0000000000E+00              0.0000000000E+00              0.0000000000E+00              7.7508716480E+16              3.5710404454E+14              7.7536076399E+02   0
    4    5    4              1.4840286122E+16              7.4607156493E+16              1.2048113855E+16              0.0000000000E+00              0.0000000000E+00              0.0000000000E+00              7.7508716480E+16              3.5710404454E+14              7.7536076399E+02   0
    5    1    1              7.4624981143E+16              1.4843831665E+16              4.8039422811E+17              0.0000000000E+00              0.0000000000E+00              0.0000000000E+00              4.8904693924E+17              3.3916813217E+15              4.8769888732E+02   0
    5    1    2              6.3263425661E+16              4.2271269588E+16              4.8038983467E+17              0.0000000000E+00              0.0000000000E+00              0.0000000000E+00              4.8904693924E+17              3.3916813217E+15              4.8769888732E+02   0
    5    1    3              4.2270722832E+16              6.3262607382E+16              4.8038362109E+17              0.0000000000E+00              0.0000000000E+00              0.0000000000E+00              4.8904693924E+17              3.3916813217E+15              4.8769888732E+02   0
    5    1    4              1.4843370101E+16              7.4622660702E+16              4.8037929040E+17              0.0000000000E+00              0.0000000000E+00              0.0000000000E+00              4.8904693924E+17              3.3916813217E+15              4.8769888732E+02   0
    5    2    1              2.1673016617E+17              4.3110310436E+16              4.3369013533E+17              0.0000000000E+00              0.0000000000E+00              0.0000000000E+00              4.8904693924E+17              3.3916813217E+15              4.8769888732E+02   0
    5    2    2              1.8371975512E+17              1.2275761574E+17              4.3365423840E+17              0.0000000000E+00              0.0000000000E+00              0.0000000000E+00              4.8904693924E+17              3.3916813217E+15              4.8769888732E+02   0
    5    2    3              1.2274338309E+17              1.8369845445E+17              4.3360396005E+17              0.0000000000E+00              0.0000000000E+00              0.0000000000E+00              4.8904693924E+17              3.3916813217E+15              4.8769888732E+02   0
    5    2    4              4.3098243572E+16              2.1666950195E+17              4.3356874256E+17              0.0000000000E+00              0.0000000000E+00              0.0000000000E+00              4.8904693924E+17              3.3916813217E+15              4.8769888732E+02   0
    5    3    1              3.3802550633E+17              6.7237453699E+16              3.4464781750E+17              0.0000000000E+00              0.0000000000E+00              0.0000000000E+00              4.8904693924E+17              3.3916813217E+15              4.8769888732E+02   0
    5    3    2              2.8649723628E+17              1.9143133311E+17              3.4456729632E+17              0.0000000000E+00              0.0000000000E+00              0.0000000000E+00              4.8904693924E+17              3.3916813217E+15              4.8769888732E+02   0
    5    3    3              1.9136997203E+17              2.8640540294E+17              3.4445684929E+17              0.0000000000E+00              0.0000000000E+00              0.0000000000E+00              4.8904693924E+17              3.3916813217E+15              4.8769888732E+02   0
    5    3    4              6.7185400423E+16              3.3776381684E+17              3.4438100121E+17              0.0000000000E+00              0.0000000000E+00              0.0000000000E+00              4.8904693924E+17              3.3916813217E+15              4.8769888732E+02   0
    5    4    1              4.2665534618E+17              8.4867024963E+16              2.2165071335E+17              0.0000000000E+00              0.0000000000E+00              0.0000000000E+00              4.8904693924E+17              3.3916813217E+15              4.8769888732E+02   0
    5    4    2              3.6153597742E+17              2.4157061695E+17              2.2154962572E+17              0.0000000000E+00              0.0000000000E+00              0.0000000000E+00              4.8904693924E+17              3.3916813217E+15              4.8769888732E+02   0
    5    4    3              2.4142459702E+17              3.6131744315E+17              2.2141570769E+17              0.0000000000E+00              0.0000000000E+00              0.0000000000E+00              4.8904693924E+17              3.3916813217E+15              4.8769888732E+02   0
    5    4    4              8.4742890383E+16              4.2603127950E+17              2.2132650594E+17              0.0000000000E+00              0.0000000000E+00              0.0000000000E+00              4.8904693924E+17              3.3916813217E+15              4.8769888732E+02   0
    5    5    1              4.7359104638E+17              9.4203116205E+16              7.6478974881E+16              0.0000000000E+00              0.0000000000E+00              0.0000000000E+00              4.8904693924E+17              3.3916813217E+15              4.8769888732E+02   0
    5    5    2              4.0121733528E+17              2.6808485260E+17              7.6426825654E+16              0.0000000000E+00              0.0000000000E+00              0.0000000000E+00              4.8904693924E+17              3.3916813217E+15              4.8769888732E+02   0
    5    5    3              2.6785303999E+17              4.0087040320E+17              7.6360739483E+16              0.0000000000E+00              0.0000000000E+00              0.0000000000E+00              4.8904693924E+17              3.3916813217E+15              4.8769888732E+02   0
    5    5    4              9.4005121847E+16              4.7259566152E+17              7.6318232793E+16              0.0000000000E+00              0.0000000000E+00              0.0000000000E+00              4.8904693924E+17              3.3916813217E+15              4.8769888732E+02   0
    6    1    1              4.7338739756E+17              9.4162607937E+16              3.0474054394E+18              0.0000000000E+00              0.0000000000E+00              0.0000000000E+00              3.0856775811E+18              4.2128611847E+16              2.4206714516E+02   0
    6    1    2              4.0131835325E+17              2.6815235064E+17              3.0474046474E+18              0.0000000000E+00              0.0000000000E+00              0.0000000000E+00              3.0856775811E+18              4.2128611847E+16              2.4206714516E+02   0
    6    1    3              2.6815228095E+17              4.0131824894E+17              3.0474038554E+18              0.0000000000E+00              0.0000000000E+00              0.0000000000E+00              3.0856775811E+18              4.2128611847E+16              2.4206714516E+02   0
    6    1    4              9.4162534518E+16              4.7338702846E+17              3.0474030633E+18              0.0000000000E+00              0.0000000000E+00              0.0000000000E+00              3.0856775811E+18              4.2128611847E+16              2.4206714516E+02   0
    6    2    1              1.3738469446E+18              2.7327514818E+17              2.7491506045E+18              0.0000000000E+00              0.0000000000E+00              0.0000000000E+00              3.0856775811E+18              4.2128611847E+16              2.4206714516E+02   0
    6    2    2              1.1646887797E+18              7.7822016241E+17              2.7491448886E+18              0.0000000000E+00              0.0000000000E+00              0.0000000000E+00              3.0856775811E+18              4.2128611847E+16              2.4206714516E+02   0
    6    2    3              7.7821793759E+17              1.1646854500E+18              2.7491370291E+18              0.0000000000E+00              0.0000000000E+00              0.0000000000E+00              3.0856775811E+18              4.2128611847E+16              2.4206714516E+02   0
    6    2    4              2.7327323055E+17              1.3738373041E+18              2.7491313132E+18              0.0000000000E+00              0.0000000000E+00              0.0000000000E+00              3.0856775811E+18              4.2128611847E+16              2.4206714516E+02   0
    6    3    1              2.1398751771E+18              4.2564763737E+17              2.1817978102E+18              0.0000000000E+00              0.0000000000E+00              0.0000000000E+00              3.0856775811E+18              4.2128611847E+16              2.4206714516E+02   0
    6    3    2              1.8140896216E+18              1.2121359324E+18              2.1817870367E+18              0.0000000000E+00              0.0000000000E+00              0.0000000000E+00              3.0856775811E+18              4.2128611847E+16              2.4206714516E+02   0
    6    3    3              1.2121274268E+18              1.8140768920E+18              2.1817717271E+18              0.0000000000E+00              0.0000000000E+00              0.0000000000E+00              3.0856775811E+18              4.2128611847E+16              2.4206714516E+02   0
    6    3    4              4.2564044700E+17              2.1398390286E+18              2.1817609536E+18              0.0000000000E+00              0.0000000000E+00              0.0000000000E+00              3.0856775811E+18              4.2128611847E+16              2.4206714516E+02   0
    6    4    1              2.6964743078E+18              5.3636208814E+17              1.4008390126E+18              0.0000000000E+00              0.0000000000E+00              0.0000000000E+00              3.0856775811E+18              4.2128611847E+16              2.4206714516E+02   0
    6    4    2              2.2859427156E+18              1.5274180901E+18              1.4008280910E+18              0.0000000000E+00              0.0000000000E+00              0.0000000000E+00              3.0856775811E+18              4.2128611847E+16              2.4206714516E+02   0
    6    4    3              1.5274006243E+18              2.2859165762E+18              1.4008120727E+18              0.0000000000E+00              0.0000000000E+00              0.0000000000E+00              3.0856775811E+18              4.2128611847E+16              2.4206714516E+02   0
    6    4    4              5.3634759151E+17              2.6964014283E+18              1.4008011511E+18              0.0000000000E+00              0.0000000000E+00              0.0000000000E+00              3.0856775811E+18              4.2128611847E+16              2.4206714516E+02   0
    6    5    1              2.9891160651E+18              5.9457215288E+17              4.8270450678E+17              0.0000000000E+00              0.0000000000E+00              0.0000000000E+00              3.0856775811E+18              4.2128611847E+16              2.4206714516E+02   0
    6    5    2              2.5340252160E+18              1.6931815173E+18              4.8269973991E+17              0.0000000000E+00              0.0000000000E+00              0.0000000000E+00              3.0856775811E+18              4.2128611847E+16              2.4206714516E+02   0
    6    5    3              1.6931581960E+18              2.5339903133E+18              4.8269309138E+17              0.0000000000E+00              0.0000000000E+00              0.0000000000E+00              3.0856775811E+18              4.2128611847E+16              2.4206714516E+02   0
    6    5    4              5.9455222034E+17              2.9890158575E+18              4.8268832451E+17              0.0000000000E+00              0.0000000000E+00              0.0000000000E+00              3.0856775811E+18              4.2128611847E+16              2.4206714516E+02   0
