           6           5           4
    1    1    1              1.5069889861E+12              0.0000000000E+00              9.5147539936E+12              0.0000000000E+00              3.9060695697E+02              0.0000000000E+00              3.0856775811E+14              5.7062585879E+12              2.2670052691E+02   1
    1    1    2              1.6576878847E+13              0.0000000000E+00              1.0466229393E+14              0.0000000000E+00              3.1805049845E+02              0.0000000000E+00              3.0856775811E+14              5.7062585879E+12              2.2670052691E+02   1
    1    1    3              3.1646768708E+13              0.0000000000E+00              1.9980983387E+14              0.0000000000E+00              2.2917396729E+02              0.0000000000E+00              3.0856775811E+14              5.7062585879E+12              2.2670052691E+02   1
    1    1    4              4.6716658569E+13              0.0000000000E+00              2.9495737380E+14              0.0000000000E+00              6.8819980154E+01              0.0000000000E+00              3.0856775811E+14              5.7062585879E+12              2.2670052691E+02   1
    1    2    1              4.3742532918E+12              0.0000000000E+00              8.5849554643E+12              0.0000000000E+00              3.9060542892E+02              0.0000000000E+00              3.0856775811E+14              5.7062585879E+12              2.2670052691E+02   1
    1    2    2              4.8116786210E+13              0.0000000000E+00              9.4434510107E+13              0.0000000000E+00              3.1804003215E+02              0.0000000000E+00              3.0856775811E+14              5.7062585879E+12              2.2670052691E+02   1
    1    2    3              9.1859319128E+13              0.0000000000E+00              1.8028406475E+14              0.0000000000E+00              2.2915927889E+02              0.0000000000E+00              3.0856775811E+14              5.7062585879E+12              2.2670052691E+02   1
    1    2    4              1.3560185205E+14              0.0000000000E+00              2.6613361939E+14              0.0000000000E+00              6.8810881460E+01              0.0000000000E+00              3.0856775811E+14              5.7062585879E+12              2.2670052691E+02   1
    1    3    1              6.8150438187E+12              0.0000000000E+00              6.8150438187E+12              0.0000000000E+00              3.9060299907E+02              0.0000000000E+00              3.0856775811E+14              5.7062585879E+12              2.2670052691E+02   1
    1    3    2              7.4965482006E+13              0.0000000000E+00              7.4965482006E+13              0.0000000000E+00              3.1802352686E+02              0.0000000000E+00              3.0856775811E+14              5.7062585879E+12              2.2670052691E+02   1
    1    3    3              1.4311592019E+14              0.0000000000E+00              1.4311592019E+14              0.0000000000E+00              2.2913665026E+02              0.0000000000E+00              3.0856775811E+14              5.7062585879E+12              2.2670052691E+02   1
    1    3    4              2.1126635838E+14              0.0000000000E+00              2.1126635838E+14              0.0000000000E+00              6.8801796633E+01              0.0000000000E+00              3.0856775811E+14              5.7062585879E+12              2.2670052691E+02   1
    1    4    1              8.5899569158E+12              0.0000000000E+00              4.3768016586E+12              0.0000000000E+00              3.9060056949E+02              0.0000000000E+00              3.0856775811E+14              5.7062585879E+12              2.2670052691E+02   1
    1    4    2              9.4489526074E+13              0.0000000000E+00              4.8144818245E+13              0.0000000000E+00              3.1800703072E+02              0.0000000000E+00              3.0856775811E+14              5.7062585879E+12              2.2670052691E+02   1
    1    4    3              1.8038909523E+14              0.0000000000E+00              9.1912834832E+13              0.0000000000E+00              2.2911407239E+02              0.0000000000E+00              3.0856775811E+14              5.7062585879E+12              2.2670052691E+02   1
    1    4    4              2.6628866439E+14              0.0000000000E+00              1.3568085142E+14              0.0000000000E+00              6.8793125805E+01              0.0000000000E+00              3.0856775811E+14              5.7062585879E+12              2.2670052691E+02   1
    1    5    1              9.5237830407E+12              0.0000000000E+00              1.5084190467E+12              0.0000000000E+00              3.9059904187E+02              0.0000000000E+00              3.0856775811E+14              5.7062585879E+12              2.2670052691E+02   1
    1    5    2              1.0476161345E+14              0.0000000000E+00              1.6592609513E+13              0.0000000000E+00              3.1799657936E+02              0.0000000000E+00              3.0856775811E+14              5.7062585879E+12              2.2670052691E+02   1
    1    5    3              1.9999944385E+14              0.0000000000E+00              3.1676799980E+13              0.0000000000E+00              2.2909946674E+02              0.0000000000E+00              3.0856775811E+14              5.7062585879E+12              2.2670052691E+02   1
    1    5    4              2.9523727426E+14              0.0000000000E+00              4.6760990447E+13              0.0000000000E+00              6.8784701579E+01              0.0000000000E+00              3.0856775811E+14              5.7062585879E+12              2.2670052691E+02   1
    2    1    1              2.0382375369E+14              0.0000000000E+00              1.2868925336E+15              0.0000000000E+00              5.0853182589E+02              0.0000000000E+00              1.9469309325E+15              1.5372677647E+13              5.1900925230E+02   0
    2    1    2              2.3568122245E+14              0.0000000000E+00              1.4880326752E+15              0.0000000000E+00              4.1591409596E+02              0.0000000000E+00              1.9469309325E+15              1.5372677647E+13              5.1900925230E+02   0
    2    1    3              2.6753869120E+14              0.0000000000E+00              1.6891728168E+15              0.0000000000E+00              2.9916265225E+02              0.0000000000E+00              1.9469309325E+15              1.5372677647E+13              5.1900925230E+02   0
    2    1    4              2.9939615996E+14              0.0000000000E+00              1.8903129584E+15              0.0000000000E+00              8.9657474889E+01              0.0000000000E+00              1.9469309325E+15              1.5372677647E+13              5.1900925230E+02   0
    2    2    1              5.8802956025E+14              0.0000000000E+00              1.1540729925E+15              0.0000000000E+00              5.1218013998E+02              0.0000000000E+00              1.9469309325E+15              1.5372677647E+13              5.1900925230E+02   0
    2    2    2              6.8194841484E+14              0.0000000000E+00              1.3383991232E+15              0.0000000000E+00              4.1883653359E+02              0.0000000000E+00              1.9469309325E+15              1.5372677647E+13              5.1900925230E+02   0
    2    2    3              7.7586726944E+14              0.0000000000E+00              1.5227252539E+15              0.0000000000E+00              3.0122362015E+02              0.0000000000E+00              1.9469309325E+15              1.5372677647E+13              5.1900925230E+02   0
    2    2    4              8.6978612403E+14              0.0000000000E+00              1.7070513846E+15              0.0000000000E+00              9.0262327799E+01              0.0000000000E+00              1.9469309325E+15              1.5372677647E+13              5.1900925230E+02   0
    2    3    1              9.1455789396E+14              0.0000000000E+00              9.1455789396E+14              0.0000000000E+00              5.1366206586E+02              0.0000000000E+00              1.9469309325E+15              1.5372677647E+13              5.1900925230E+02   0
    2    3    2              1.0621302687E+15              0.0000000000E+00              1.0621302687E+15              0.0000000000E+00              4.1999444113E+02              0.0000000000E+00              1.9469309325E+15              1.5372677647E+13              5.1900925230E+02   0
    2    3    3              1.2097026434E+15              0.0000000000E+00              1.2097026434E+15              0.0000000000E+00              3.0202117869E+02              0.0000000000E+00              1.9469309325E+15              1.5372677647E+13              5.1900925230E+02   0
    2    3    4              1.3572750181E+15              0.0000000000E+00              1.3572750181E+15              0.0000000000E+00              9.0492254332E+01              0.0000000000E+00              1.9469309325E+15              1.5372677647E+13              5.1900925230E+02   0
    2    4    1              1.1571469926E+15              0.0000000000E+00              5.8959584155E+14              0.0000000000E+00              5.1217733509E+02              0.0000000000E+00              1.9469309325E+15              1.5372677647E+13              5.1900925230E+02   0
    2    4    2              1.3426774140E+15              0.0000000000E+00              6.8412831289E+14              0.0000000000E+00              4.1875753242E+02              0.0000000000E+00              1.9469309325E+15              1.5372677647E+13              5.1900925230E+02   0
    2    4    3              1.5282078354E+15              0.0000000000E+00              7.7866078423E+14              0.0000000000E+00              3.0111738581E+02              0.0000000000E+00              1.9469309325E+15              1.5372677647E+13              5.1900925230E+02   0
    2    4    4              1.7137382567E+15              0.0000000000E+00              8.7319325558E+14              0.0000000000E+00              9.0217245580E+01              0.0000000000E+00              1.9469309325E+15              1.5372677647E+13              5.1900925230E+02   0
    2    5    1              1.2750827774E+15              0.0000000000E+00              2.0195327206E+14              0.0000000000E+00              5.1579600991E+02              0.0000000000E+00              1.9469309325E+15              1.5372677647E+13              5.1900925230E+02   0
    2    5    2              1.4839716947E+15              0.0000000000E+00              2.3503802632E+14              0.0000000000E+00              4.2164961839E+02              0.0000000000E+00              1.9469309325E+15              1.5372677647E+13              5.1900925230E+02   0
    2    5    3              1.6928606120E+15              0.0000000000E+00              2.6812278058E+14              0.0000000000E+00              3.0315260479E+02              0.0000000000E+00              1.9469309325E+15              1.5372677647E+13              5.1900925230E+02   0
    2    5    4              1.9017495293E+15              0.0000000000E+00              3.0120753484E+14              0.0000000000E+00              9.0815102244E+01              0.0000000000E+00              1.9469309325E+15              1.5372677647E+13              5.1900925230E+02   0
    3    1    1              1.1946401959E+15              0.0000000000E+00              7.5426613461E+15              0.0000000000E+00              8.4876669440E+02              0.0000000000E+00              1.2284303711E+16              5.3932945171E+13              8.7198240218E+02   0
    3    1    2              1.4243925554E+15              0.0000000000E+00              8.9932606539E+15              0.0000000000E+00              6.7181651181E+02              0.0000000000E+00              1.2284303711E+16              5.3932945171E+13              8.7198240218E+02   0
    3    1    3              1.6541449149E+15              0.0000000000E+00              1.0443859962E+16              0.0000000000E+00              4.6939771491E+02              0.0000000000E+00              1.2284303711E+16              5.3932945171E+13              8.7198240218E+02   0
    3    1    4              1.8838972744E+15              0.0000000000E+00              1.1894459270E+16              0.0000000000E+00              1.3706518820E+02              0.0000000000E+00              1.2284303711E+16              5.3932945171E+13              8.7198240218E+02   0
    3    2    1              3.4667029775E+15              0.0000000000E+00              6.8037876831E+15              0.0000000000E+00              8.5016910009E+02              0.0000000000E+00              1.2284303711E+16              5.3932945171E+13              8.7198240218E+02   0
    3    2    2              4.1359826407E+15              0.0000000000E+00              8.1173229812E+15              0.0000000000E+00              6.7274327577E+02              0.0000000000E+00              1.2284303711E+16              5.3932945171E+13              8.7198240218E+02   0
    3    2    3              4.8052623039E+15              0.0000000000E+00              9.4308582793E+15              0.0000000000E+00              4.6993477550E+02              0.0000000000E+00              1.2284303711E+16              5.3932945171E+13              8.7198240218E+02   0
    3    2    4              5.4745419671E+15              0.0000000000E+00              1.0744393577E+16              0.0000000000E+00              1.3719652229E+02              0.0000000000E+00              1.2284303711E+16              5.3932945171E+13              8.7198240218E+02   0
    3    3    1              5.4006234947E+15              0.0000000000E+00              5.4006234947E+15              0.0000000000E+00              8.5223031555E+02              0.0000000000E+00              1.2284303711E+16              5.3932945171E+13              8.7198240218E+02   0
    3    3    2              6.4490276414E+15              0.0000000000E+00              6.4490276414E+15              0.0000000000E+00              6.7407987877E+02              0.0000000000E+00              1.2284303711E+16              5.3932945171E+13              8.7198240218E+02   0
    3    3    3              7.4974317881E+15              0.0000000000E+00              7.4974317881E+15              0.0000000000E+00              4.7068584096E+02              0.0000000000E+00              1.2284303711E+16              5.3932945171E+13              8.7198240218E+02   0
    3    3    4              8.5458359347E+15              0.0000000000E+00              8.5458359347E+15              0.0000000000E+00              1.3737448107E+02              0.0000000000E+00              1.2284303711E+16              5.3932945171E+13              8.7198240218E+02   0
    3    4    1              6.8061400539E+15              0.0000000000E+00              3.4679015703E+15              0.0000000000E+00              8.5447357925E+02              0.0000000000E+00              1.2284303711E+16              5.3932945171E+13              8.7198240218E+02   0
    3    4    2              8.1352656766E+15              0.0000000000E+00              4.1451249007E+15              0.0000000000E+00              6.7553476741E+02              0.0000000000E+00              1.2284303711E+16              5.3932945171E+13              8.7198240218E+02   0
    3    4    3              9.4643912994E+15              0.0000000000E+00              4.8223482310E+15              0.0000000000E+00              4.7149644937E+02              0.0000000000E+00              1.2284303711E+16              5.3932945171E+13              8.7198240218E+02   0
    3    4    4              1.0793516922E+16              0.0000000000E+00              5.4995715614E+15              0.0000000000E+00              1.3756134079E+02              0.0000000000E+00              1.2284303711E+16              5.3932945171E+13              8.7198240218E+02   0
    3    5    1              7.5407379527E+15              0.0000000000E+00              1.1943355603E+15              0.0000000000E+00              8.5646993800E+02              0.0000000000E+00              1.2284303711E+16              5.3932945171E+13              8.7198240218E+02   0
    3    5    2              9.0213160765E+15              0.0000000000E+00              1.4288360978E+15              0.0000000000E+00              6.7687041867E+02              0.0000000000E+00              1.2284303711E+16              5.3932945171E+13              8.7198240218E+02   0
    3    5    3              1.0501894200E+16              0.0000000000E+00              1.6633366353E+15              0.0000000000E+00              4.7227076430E+02              0.0000000000E+00              1.2284303711E+16              5.3932945171E+13              8.7198240218E+02   0
    3    5    4              1.1982472324E+16              0.0000000000E+00              1.8978371728E+15              0.0000000000E+00              1.3774944467E+02              0.0000000000E+00              1.2284303711E+16              5.3932945171E+13              8.7198240218E+02   0
    4    1    1              7.0287053911E+15              0.0000000000E+00              4.4377499309E+16              0.0000000000E+00              7.5178859472E+02              0.0000000000E+00              7.7508716480E+16              3.5710404454E+14              7.7536076399E+02   0
    4    1    2              8.6052982698E+15              0.0000000000E+00              5.4331714985E+16              0.0000000000E+00              5.7688513476E+02              0.0000000000E+00              7.7508716480E+16              3.5710404454E+14              7.7536076399E+02   0
    4    1    3              1.0181891149E+16              0.0000000000E+00              6.4285930662E+16              0.0000000000E+00              3.9306818829E+02              0.0000000000E+00              7.7508716480E+16              3.5710404454E+14              7.7536076399E+02   0
    4    1    4              1.1758484027E+16              0.0000000000E+00              7.4240146338E+16              0.0000000000E+00              1.1239897466E+02              0.0000000000E+00              7.7508716480E+16              3.5710404454E+14              7.7536076399E+02   0
    4    2    1              2.0410971598E+16              0.0000000000E+00              4.0058787285E+16              0.0000000000E+00              7.5307451381E+02              0.0000000000E+00              7.7508716480E+16              3.5710404454E+14              7.7536076399E+02   0
    4    2    2              2.5007178073E+16              0.0000000000E+00              4.9079350399E+16              0.0000000000E+00              5.7779149602E+02              0.0000000000E+00              7.7508716480E+16              3.5710404454E+14              7.7536076399E+02   0
    4    2    3              2.9603384549E+16              0.0000000000E+00              5.8099913514E+16              0.0000000000E+00              3.9362799115E+02              0.0000000000E+00              7.7508716480E+16              3.5710404454E+14              7.7536076399E+02   0
    4    2    4              3.4199591024E+16              0.0000000000E+00              6.7120476628E+16              0.0000000000E+00              1.1254079349E+02              0.0000000000E+00              7.7508716480E+16              3.5710404454E+14              7.7536076399E+02   0
    4    3    1              3.1821278374E+16              0.0000000000E+00              3.1821278374E+16              0.0000000000E+00              7.5560568453E+02              0.0000000000E+00              7.7508716480E+16              3.5710404454E+14              7.7536076399E+02   0
    4    3    2              3.9044468984E+16              0.0000000000E+00              3.9044468984E+16              0.0000000000E+00              5.7961945138E+02              0.0000000000E+00              7.7508716480E+16              3.5710404454E+14              7.7536076399E+02   0
    4    3    3              4.6267659594E+16              0.0000000000E+00              4.6267659594E+16              0.0000000000E+00              3.9480027404E+02              0.0000000000E+00              7.7508716480E+16              3.5710404454E+14              7.7536076399E+02   0
    4    3    4              5.3490850204E+16              0.0000000000E+00              5.3490850204E+16              0.0000000000E+00              1.1284834608E+02              0.0000000000E+00              7.7508716480E+16              3.5710404454E+14              7.7536076399E+02   0
    4    4    1              4.0152547181E+16              0.0000000000E+00              2.0458744651E+16              0.0000000000E+00              7.5843706796E+02              0.0000000000E+00              7.7508716480E+16              3.5710404454E+14              7.7536076399E+02   0
    4    4    2              4.9359390110E+16              0.0000000000E+00              2.5149865432E+16              0.0000000000E+00              5.8172049177E+02              0.0000000000E+00              7.7508716480E+16              3.5710404454E+14              7.7536076399E+02   0
    4    4    3              5.8566233038E+16              0.0000000000E+00              2.9840986214E+16              0.0000000000E+00              3.9623047640E+02              0.0000000000E+00              7.7508716480E+16              3.5710404454E+14              7.7536076399E+02   0
    4    4    4              6.7773075967E+16              0.0000000000E+00              3.4532106995E+16              0.0000000000E+00              1.1325051712E+02              0.0000000000E+00              7.7508716480E+16              3.5710404454E+14              7.7536076399E+02   0
    4    5    1              4.4555427195E+16              0.0000000000E+00              7.0568863997E+15              0.0000000000E+00              7.6045859749E+02              0.0000000000E+00              7.7508716480E+16              3.5710404454E+14              7.7536076399E+02   0
    4    5    2              5.4859831114E+16              0.0000000000E+00              8.6889436474E+15              0.0000000000E+00              5.8318975300E+02              0.0000000000E+00              7.7508716480E+16              3.5710404454E+14              7.7536076399E+02   0
    4    5    3              6.5164235034E+16              0.0000000000E+00              1.0321000895E+16              0.0000000000E+00              3.9726405177E+02              0.0000000000E+00              7.7508716480E+16              3.5710404454E+14              7.7536076399E+02   0
    4    5    4              7.5468638953E+16              0.0000000000E+00              1.1953058143E+16              0.0000000000E+00              1.1355984163E+02              0.0000000000E+00              7.7508716480E+16              3.5710404454E+14              7.7536076399E+02   0
    5    1    1              4.2223271669E+16              0.0000000000E+00              2.6658724545E+17              0.0000000000E+00              4.6900817424E+02              0.0000000000E+00              4.8904693924E+17              3.3916813217E+15              4.8769888732E+02   0
    5    1    2              5.3147074492E+16              0.0000000000E+00              3.3555742208E+17              0.0000000000E+00              3.5058311789E+02              0.0000000000E+00              4.8904693924E+17              3.3916813217E+15              4.8769888732E+02   0
    5    1    3              6.4070877316E+16              0.0000000000E+00              4.0452759870E+17              0.0000000000E+00              2.3428395557E+02              0.0000000000E+00              4.8904693924E+17              3.3916813217E+15              4.8769888732E+02   0
    5    1    4              7.4994680140E+16              0.0000000000E+00              4.7349777532E+17              0.0000000000E+00              6.5988137073E+01              0.0000000000E+00              4.8904693924E+17              3.3916813217E+15              4.8769888732E+02   0
    5    2    1              1.2255449122E+17              0.0000000000E+00              2.4052673196E+17              0.0000000000E+00              4.6979660466E+02              0.0000000000E+00              4.8904693924E+17              3.3916813217E+15              4.8769888732E+02   0
    5    2    2              1.5430425456E+17              0.0000000000E+00              3.0283915104E+17              0.0000000000E+00              3.5107860943E+02              0.0000000000E+00              4.8904693924E+17              3.3916813217E+15              4.8769888732E+02   0
    5    2    3              1.8605401790E+17              0.0000000000E+00              3.6515157012E+17              0.0000000000E+00              2.3456539751E+02              0.0000000000E+00              4.8904693924E+17              3.3916813217E+15              4.8769888732E+02   0
    5    2    4              2.1780378124E+17              0.0000000000E+00              4.2746398920E+17              0.0000000000E+00              6.6056677710E+01              0.0000000000E+00              4.8904693924E+17              3.3916813217E+15              4.8769888732E+02   0
    5    3    1              1.9086621202E+17              0.0000000000E+00              1.9086621202E+17              0.0000000000E+00              4.7157467685E+02              0.0000000000E+00              4.8904693924E+17              3.3916813217E+15              4.8769888732E+02   0
    5    3    2              2.4047689219E+17              0.0000000000E+00              2.4047689219E+17              0.0000000000E+00              3.5219028809E+02              0.0000000000E+00              4.8904693924E+17              3.3916813217E+15              4.8769888732E+02   0
    5    3    3              2.9008757235E+17              0.0000000000E+00              2.9008757235E+17              0.0000000000E+00              2.3518815360E+02              0.0000000000E+00              4.8904693924E+17              3.3916813217E+15              4.8769888732E+02   0
    5    3    4              3.3969825251E+17              0.0000000000E+00              3.3969825251E+17              0.0000000000E+00              6.6206048349E+01              0.0000000000E+00              4.8904693924E+17              3.3916813217E+15              4.8769888732E+02   0
    5    4    1              2.4076325629E+17              0.0000000000E+00              1.2267500638E+17              0.0000000000E+00              4.7352938245E+02              0.0000000000E+00              4.8904693924E+17              3.3916813217E+15              4.8769888732E+02   0
    5    4    2              3.0343410737E+17              0.0000000000E+00              1.5460739995E+17              0.0000000000E+00              3.5345064898E+02              0.0000000000E+00              4.8904693924E+17              3.3916813217E+15              4.8769888732E+02   0
    5    4    3              3.6610495845E+17              0.0000000000E+00              1.8653979352E+17              0.0000000000E+00              2.3587280154E+02              0.0000000000E+00              4.8904693924E+17              3.3916813217E+15              4.8769888732E+02   0
    5    4    4              4.2877580953E+17              0.0000000000E+00              2.1847218709E+17              0.0000000000E+00              6.6363252853E+01              0.0000000000E+00              4.8904693924E+17              3.3916813217E+15              4.8769888732E+02   0
    5    5    1              2.6698563599E+17              0.0000000000E+00              4.2286370532E+16              0.0000000000E+00              4.7558535152E+02              0.0000000000E+00              4.8904693924E+17              3.3916813217E+15              4.8769888732E+02   0
    5    5    2              3.3664134198E+17              0.0000000000E+00              5.3318750539E+16              0.0000000000E+00              3.5486946062E+02              0.0000000000E+00              4.8904693924E+17              3.3916813217E+15              4.8769888732E+02   0
    5    5    3              4.0629704796E+17              0.0000000000E+00              6.4351130547E+16              0.0000000000E+00              2.3665274001E+02              0.0000000000E+00              4.8904693924E+17              3.3916813217E+15              4.8769888732E+02   0
    5    5    4              4.7595275394E+17              0.0000000000E+00              7.5383510554E+16              0.0000000000E+00              6.6538301516E+01              0.0000000000E+00              4.8904693924E+17              3.3916813217E+15              4.8769888732E+02   0
    6    1    1              2.6107785182E+17              0.0000000000E+00              1.6483806824E+18              0.0000000000E+00              2.3517896384E+02              0.0000000000E+00              3.0856775811E+18              4.2128611847E+16              2.4206714516E+02   0
    6    1    2              3.3255648187E+17              0.0000000000E+00              2.0996789911E+18              0.0000000000E+00              1.7367853139E+02              0.0000000000E+00              3.0856775811E+18              4.2128611847E+16              2.4206714516E+02   0
    6    1    3              4.0403511191E+17              0.0000000000E+00              2.5509772998E+18              0.0000000000E+00              1.1510478826E+02              0.0000000000E+00              3.0856775811E+18              4.2128611847E+16              2.4206714516E+02   0
    6    1    4              4.7551374196E+17              0.0000000000E+00              3.0022756085E+18              0.0000000000E+00              3.2223184792E+01              0.0000000000E+00              3.0856775811E+18              4.2128611847E+16              2.4206714516E+02   0
    6    2    1              7.5751899806E+17              0.0000000000E+00              1.4867147437E+18              0.0000000000E+00              2.3524541147E+02              0.0000000000E+00              3.0856775811E+18              4.2128611847E+16              2.4206714516E+02   0
    6    2    2              9.6501692176E+17              0.0000000000E+00              1.8939523486E+18              0.0000000000E+00              1.7371675847E+02              0.0000000000E+00              3.0856775811E+18              4.2128611847E+16              2.4206714516E+02   0
    6    2    3              1.1725148455E+18              0.0000000000E+00              2.3011899536E+18              0.0000000000E+00              1.1512559250E+02              0.0000000000E+00              3.0856775811E+18              4.2128611847E+16              2.4206714516E+02   0
    6    2    4              1.3800127692E+18              0.0000000000E+00              2.7084275585E+18              0.0000000000E+00              3.2228071681E+01              0.0000000000E+00              3.0856775811E+18              4.2128611847E+16              2.4206714516E+02   0
    6    3    1              1.1798653969E+18              0.0000000000E+00              1.1798653969E+18              0.0000000000E+00              2.3527062138E+02              0.0000000000E+00              3.0856775811E+18              4.2128611847E+16              2.4206714516E+02   0
    6    3    2              1.5030699499E+18              0.0000000000E+00              1.5030699499E+18              0.0000000000E+00              1.7372985213E+02              0.0000000000E+00              3.0856775811E+18              4.2128611847E+16              2.4206714516E+02   0
    6    3    3              1.8262745030E+18              0.0000000000E+00              1.8262745030E+18              0.0000000000E+00              1.1513221371E+02              0.0000000000E+00              3.0856775811E+18              4.2128611847E+16              2.4206714516E+02   0
    6    3    4              2.1494790560E+18              0.0000000000E+00              2.1494790560E+18              0.0000000000E+00              3.2229537115E+01              0.0000000000E+00              3.0856775811E+18              4.2128611847E+16              2.4206714516E+02   0
    6    4    1              1.4868757573E+18              0.0000000000E+00              7.5760103858E+17              0.0000000000E+00              2.3527080076E+02              0.0000000000E+00              3.0856775811E+18              4.2128611847E+16              2.4206714516E+02   0
    6    4    2              1.8941109759E+18              0.0000000000E+00              9.6509774640E+17              0.0000000000E+00              1.7372801042E+02              0.0000000000E+00              3.0856775811E+18              4.2128611847E+16              2.4206714516E+02   0
    6    4    3              2.3013461945E+18              0.0000000000E+00              1.1725944542E+18              0.0000000000E+00              1.1513050730E+02              0.0000000000E+00              3.0856775811E+18              4.2128611847E+16              2.4206714516E+02   0
    6    4    4              2.7085814132E+18              0.0000000000E+00              1.3800911620E+18              0.0000000000E+00              3.2228902212E+01              0.0000000000E+00              3.0856775811E+18              4.2128611847E+16              2.4206714516E+02   0
    6    5    1              1.6482161073E+18              0.0000000000E+00              2.6105178569E+17              0.0000000000E+00              2.3528701138E+02              0.0000000000E+00              3.0856775811E+18              4.2128611847E+16              2.4206714516E+02   0
    6    5    2              2.0996561601E+18              0.0000000000E+00              3.3255286579E+17              0.0000000000E+00              1.7373635854E+02              0.0000000000E+00              3.0856775811E+18              4.2128611847E+16              2.4206714516E+02   0
    6    5    3              2.5510962129E+18              0.0000000000E+00              4.0405394589E+17              0.0000000000E+00              1.1513475080E+02              0.0000000000E+00              3.0856775811E+18              4.2128611847E+16              2.4206714516E+02   0
    6    5    4              3.0025362656E+18              0.0000000000E+00              4.7555502599E+17              0.0000000000E+00              3.2230067697E+01              0.0000000000E+00              3.0856775811E+18              4.2128611847E+16              2.4206714516E+02   0
